  









300.0 	0.495507
300.2 	0.25901912
300.4 	0.07862116
300.6 	0.0074214
300.8 	0.0299504
301.0 	0.062161
301.2 	0.042074065
301.4 	0.007909113
301.6 	0.020278287
301.8 	0.078681814
302.0 	0.121508
302.2 	0.103743663
302.4 	0.057397815
302.6 	0.032164123
302.8 	0.041605679
303.0 	0.063155
303.2 	0.076022209
303.4 	0.072811434
303.6 	0.050107006
303.8 	0.019022352
304.0 	0.0052
304.2 	0.024751662
304.4 	0.053138986
304.6 	0.056953447
304.8 	0.032510384
305.0 	0.005849
305.2 	-0.00222669
305.4 	0.002977212
305.6 	0.009886856
305.8 	0.012903399
306.0 	0.012403
306.2 	0.009560947
306.4 	0.007709898
306.6 	0.010519183
306.8 	0.016996717
307.0 	0.021489
307.2 	0.019722191
307.4 	0.013751761
307.6 	0.007162775
307.8 	0.002327419
308.0 	0.000405
308.2 	0.001950157
308.4 	0.005309807
308.6 	0.008313195
308.8 	0.009577532
309.0 	0.008508
309.2 	0.005269812
309.4 	0.002931263
309.6 	0.005098005
309.8 	0.011042094
310.0 	0.015702
310.2 	0.015234897
310.4 	0.011426464
310.6 	0.00740491
310.8 	0.004812789
311.0 	0.003807
311.2 	0.004245449
311.4 	0.005048447
311.6 	0.004963213
311.8 	0.004146981
312.0 	0.004167
312.2 	0.006026542
312.4 	0.008227751
312.6 	0.008725849
312.8 	0.007278337
313.0 	0.005445
313.2 	0.004489262
313.4 	0.00417567
313.6 	0.003905316
313.8 	0.003338353
314.0 	0.002394
314.2 	0.001177789
314.4 	0.00049546
314.6 	0.00128461
314.8 	0.003489288
315.0 	0.00606
315.2 	0.007980254
315.4 	0.008538352
315.6 	0.007150055
315.8 	0.004410059
316.0 	0.002092
316.2 	0.001496887
316.4 	0.001830193
316.6 	0.00182116
316.8 	0.00129502
317.0 	0.001173
317.2 	0.00207049
317.4 	0.003188934
317.6 	0.003418987
317.8 	0.002633397
318.0 	0.001687
318.2 	0.001270642
318.4 	0.001248398
318.6 	0.001285671
318.8 	0.001232388
319.0 	0.001123
319.2 	0.001051384
319.4 	0.001317039
319.6 	0.002244823
319.8 	0.003560552
320.0 	0.004391
320.2 	0.004110331
320.4 	0.003186461
320.6 	0.002342105
320.8 	0.001871218
321.0 	0.001639
321.2 	0.001490814
321.4 	0.001267245
321.6 	0.000821423
321.8 	0.000322572
322.0 	0.000256
322.2 	0.000931843
322.4 	0.00190457
322.6 	0.00255492
322.8 	0.002612942
323.0 	0.002158
323.2 	0.001349545
323.4 	0.000606637
323.6 	0.000391333
323.8 	0.000661937
324.0 	0.000873
324.2 	0.000635607
324.4 	0.000274593
324.6 	0.000274817
324.8 	0.000697655
325.0 	0.001181
325.2 	0.001413137
325.4 	0.001357573
325.6 	0.001052836
325.8 	0.000680464
326.0 	0.000565
326.2 	0.000910617
326.4 	0.001415139
326.6 	0.001662925
326.8 	0.00154019
327.0 	0.001235
327.2 	0.000957309
327.4 	0.000952113
327.6 	0.001453722
327.8 	0.002249126
328.0 	0.002678
328.2 	0.002320818
328.4 	0.001799057
328.6 	0.001953409
328.8 	0.002680722
329.0 	0.002934
329.2 	0.002003125
329.4 	0.000689641
329.6 	0.000137035
329.8 	0.000661514
330.0 	0.001752
330.2 	0.002854247
330.4 	0.003385206
330.6 	0.002791509
330.8 	0.001368053
331.0 	0.000258
331.2 	0.000304943
331.4 	0.001006672
331.6 	0.001546032
331.8 	0.001600463
332.0 	0.001342
332.2 	0.000949141
332.4 	0.000540213
332.6 	0.000218567
332.8 	8.90486E-05
333.0 	0.000258
333.2 	0.000729461
333.4 	0.001098006
333.6 	0.000884601
333.8 	0.00027165
334.0 	0.000103
334.2 	0.000926221
334.4 	0.001988747
334.6 	0.00225125
334.8 	0.001554627
335.0 	0.00062
335.2 	7.75676E-05
335.4 	4.07423E-05
335.6 	0.000482468
335.8 	0.001116419
336.0 	0.001397
336.2 	0.000972526
336.4 	0.000312045
336.6 	6.42635E-05
336.8 	0.000290763
337.0 	0.000466
337.2 	0.000226846
337.4 	-3.80648E-05
337.6 	0.000222054
337.8 	0.000964883
338.0 	0.001555
338.2 	0.001514171
338.4 	0.001096072
338.6 	0.000725534
338.8 	0.000555495
339.0 	0.000467
339.2 	0.000358885
339.4 	0.000248439
339.6 	0.000180838
339.8 	0.000161482
340.0 	0.000156
340.2 	0.000150366
340.4 	0.000218853
340.6 	0.000451043
340.8 	0.000780946
341.0 	0.000987
341.2 	0.000935158
341.4 	0.000868482
341.6 	0.001105993
341.8 	0.001545381
342.0 	0.001663
342.2 	0.00111934
342.4 	0.000384701
342.6 	0.000106736
342.8 	0.00035581
343.0 	0.000625
343.2 	0.000540262
343.4 	0.000359466
343.6 	0.000481253
343.8 	0.000908436
344.0 	0.001248
344.2 	0.001212315
344.4 	0.001004121
344.6 	0.000938817
344.8 	0.001103306
345.0 	0.001356
345.2 	0.001547022
345.4 	0.001533087
345.6 	0.001183878
345.8 	0.000629403
346.0 	0.00026
346.2 	0.000362569
346.4 	0.000764991
346.6 	0.001183597
346.8 	0.001408381
347.0 	0.001303
347.2 	0.000826133
347.4 	0.000303728
347.6 	0.000138254
347.8 	0.000380385
348.0 	0.000729
348.2 	0.000918376
348.4 	0.000885561
348.6 	0.000624059
348.8 	0.000259972
349.0 	0.000052
349.2 	0.000179832
349.4 	0.000484053
349.6 	0.000725672
349.8 	0.00078527
350.0 	0.000663
350.2 	0.000412868
350.4 	0.000283499
350.6 	0.000555253
350.8 	0.001119377
351.0 	0.001478
351.2 	0.001270817
351.4 	0.000755459
351.6 	0.000333004
351.8 	0.000150708
352.0 	0.000102
352.2 	0.000102179
352.4 	0.000198151
352.6 	0.00046467
352.8 	0.000860216
353.0 	0.001227
353.2 	0.001439779
353.4 	0.001523724
353.6 	0.001539237
353.8 	0.001492205
354.0 	0.001334
354.2 	0.001038939
354.4 	0.000682608
354.6 	0.000364281
354.8 	0.000145684
355.0 	0.000051
355.2 	9.34728E-05
355.4 	0.000249128
355.6 	0.000483556
355.8 	0.000736329
356.0 	0.000921
356.2 	0.000963305
356.4 	0.000842222
356.6 	0.000555075
356.8 	0.000215011
357.0 	0.000051
357.2 	0.00020528
357.4 	0.00045302
357.6 	0.00049094
357.8 	0.00032212
358.0 	0.000256
358.2 	0.000507621
358.4 	0.000861141
358.6 	0.00100437
358.8 	0.000886679
359.0 	0.000719
359.2 	0.000667832
359.4 	0.000676444
359.6 	0.000635278
359.8 	0.0005033
360.0 	0.000308
360.2 	9.95821E-05
360.4 	7.1774E-06
360.6 	0.000170492
360.8 	0.000518612
361.0 	0.00077
361.2 	0.000723269
361.4 	0.000534255
361.6 	0.00043928
361.8 	0.000471718
362.0 	0.000462
362.2 	0.000300305
362.4 	0.000151098
362.6 	0.000235887
362.8 	0.000511083
363.0 	0.000668
363.2 	0.000489437
363.4 	0.000170247
363.6 	-8.36401E-07
363.8 	5.48703E-05
364.0 	0.000206
364.2 	0.000336612
364.4 	0.000428999
364.6 	0.00049018
364.8 	0.000530973
365.0 	0.000566
365.2 	0.00060311
365.4 	0.000622411
365.6 	0.000598747
365.8 	0.00054538
366.0 	0.000514
366.2 	0.000547538
366.4 	0.000647224
366.6 	0.000801663
366.8 	0.000948816
367.0 	0.000976
367.2 	0.00081952
367.4 	0.000620438
367.6 	0.000562421
367.8 	0.000631686
368.0 	0.000617
368.2 	0.000380502
368.4 	0.000112149
368.6 	7.28776E-05
368.8 	0.000271159
369.0 	0.000463
369.2 	0.000471628
369.4 	0.000433051
369.6 	0.000560082
369.8 	0.001033489
370.0 	0.002002
370.2 	0.003444678
370.4 	0.004667501
370.6 	0.004848968
370.8 	0.004105813
371.0 	0.003493
371.2 	0.003855848
371.4 	0.005037912
371.6 	0.006614778
371.8 	0.007758779
372.0 	0.007239
372.2 	0.004440109
372.4 	0.001279233
372.6 	0.000218498
372.8 	0.001693441
373.0 	0.004113
373.2 	0.005953138
373.4 	0.006310354
373.6 	0.004515255
373.8 	0.001714942
374.0 	0.000873
374.2 	0.003873541
374.4 	0.007966854
374.6 	0.009379979
374.8 	0.00744959
375.0 	0.004622
375.2 	0.002900999
375.4 	0.001979473
375.6 	0.001016626
375.8 	0.000184707
376.0 	0.000669
376.2 	0.003233325
376.4 	0.006779442
376.6 	0.009781663
376.8 	0.011589766
377.0 	0.012429
377.2 	0.012437987
377.4 	0.011256595
377.6 	0.008451491
377.8 	0.00477358
378.0 	0.002158
378.2 	0.002003218
378.4 	0.003355067
378.6 	0.004704513
378.8 	0.00530831
379.0 	0.005189
379.2 	0.004525136
379.4 	0.003986135
379.6 	0.004326454
379.8 	0.005433974
380.0 	0.00633
380.2 	0.006195739
380.4 	0.00500271
380.6 	0.002954562
380.8 	0.001049644
381.0 	0.001081
381.2 	0.003989046
381.4 	0.007165478
381.6 	0.007278033
381.8 	0.004748556
382.0 	0.003753
382.2 	0.007045846
382.4 	0.011042796
382.6 	0.010783071
382.8 	0.006094796
383.0 	0.001595
383.2 	0.000812174
383.4 	0.002087795
383.6 	0.002566767
383.8 	0.001698118
384.0 	0.001235
384.2 	0.002489888
384.4 	0.004611828
384.6 	0.006248151
384.8 	0.006946534
385.0 	0.007155
385.2 	0.007194583
385.4 	0.006721793
385.6 	0.005259422
385.8 	0.003075842
386.0 	0.001185
386.2 	0.000414356
386.4 	0.000715749
386.6 	0.001821539
386.8 	0.003450936
387.0 	0.00531
387.2 	0.007008172
387.4 	0.007770712
387.6 	0.006775789
387.8 	0.004327526
388.0 	0.001856
388.2 	0.000502223
388.4 	5.513E-05
388.6 	-1.78952E-05
388.8 	0.000129373
389.0 	0.000722
389.2 	0.001901996
389.4 	0.003413268
389.6 	0.004894613
389.8 	0.005856488
390.0 	0.005681
390.2 	0.004078772
390.4 	0.0020968
390.6 	0.001067529
390.8 	0.001204631
391.0 	0.001603
391.2 	0.001648603
391.4 	0.002086248
391.6 	0.003928509
391.8 	0.006533124
392.0 	0.007603
392.2 	0.005589039
392.4 	0.002221922
392.6 	-2.21332E-05
392.8 	-0.000378271
393.0 	0.000207
393.2 	0.000897014
393.4 	0.001592111
393.6 	0.002379826
393.8 	0.003415444
394.0 	0.004922
394.2 	0.006859762
394.4 	0.008126156
394.6 	0.007428629
394.8 	0.005216509
395.0 	0.003681
395.2 	0.004365829
395.4 	0.005921875
395.6 	0.006345076
395.8 	0.00520163
396.0 	0.003628
396.2 	0.002575803
396.4 	0.001984195
396.6 	0.001553839
396.8 	0.001321691
397.0 	0.001661
397.2 	0.002725538
397.4 	0.00373268
397.6 	0.003709879
397.8 	0.002700737
398.0 	0.001765
398.2 	0.001675503
398.4 	0.001880707
398.6 	0.001538635
398.8 	0.000742359
399.0 	0.00052
399.2 	0.001532601
399.4 	0.002810271
399.6 	0.003033472
399.8 	0.002218603
400.0 	0.001718
400.2 	0.00249496
400.4 	0.003724293
400.6 	0.004174848
400.8 	0.003562271
401.0 	0.002549
401.2 	0.001724323
401.4 	0.001220264
401.6 	0.001052563
401.8 	0.001191721
402.0 	0.001563
402.2 	0.002104328
402.4 	0.002812169
402.6 	0.003684686
402.8 	0.004422562
403.0 	0.004429
403.2 	0.00344085
403.4 	0.002581276
403.6 	0.003243802
403.8 	0.005068902
404.0 	0.005944
404.2 	0.004425355
404.4 	0.002049447
404.6 	0.001020865
404.8 	0.001774391
405.0 	0.002975
405.2 	0.003550148
405.4 	0.003785
405.6 	0.004274703
405.8 	0.004937154
406.0 	0.005013
406.2 	0.003979636
406.4 	0.002379231
406.6 	0.001004997
406.8 	0.000301769
407.0 	0.000366
407.2 	0.001130274
407.4 	0.001932287
407.6 	0.001992305
407.8 	0.001250311
408.0 	0.000366
408.2 	-2.15554E-05
408.4 	0.000519049
408.6 	0.002319661
408.8 	0.00461647
409.0 	0.00555
409.2 	0.003985102
409.4 	0.001874489
409.6 	0.001829843
409.8 	0.00386401
410.0 	0.005391
410.2 	0.00448863
410.4 	0.002341917
410.6 	0.000852023
410.8 	0.000525042
411.0 	0.000472
411.2 	5.37377E-05
411.4 	-0.000127037
411.6 	0.000793951
411.8 	0.002556315
412.0 	0.003775
412.2 	0.003421249
412.4 	0.002087095
412.6 	0.000752785
412.8 	8.02888E-06
413.0 	0.000052
413.2 	0.000900283
413.4 	0.001902031
413.6 	0.002272842
413.8 	0.001988505
414.0 	0.001785
414.2 	0.002165397
414.4 	0.002568921
414.6 	0.002204467
414.8 	0.001100489
415.0 	0.000105
415.2 	-9.34797E-05
415.4 	0.000413065
415.6 	0.001333478
415.8 	0.002283546
416.0 	0.002786
416.2 	0.002535959
416.4 	0.00193429
416.6 	0.001538047
416.8 	0.001438674
417.0 	0.001262
417.2 	0.000792184
417.4 	0.000527684
417.6 	0.001105953
417.8 	0.002254123
418.0 	0.002789
418.2 	0.001956191
418.4 	0.000874812
418.6 	0.001069913
418.8 	0.002630394
419.0 	0.004209
419.2 	0.004700376
419.4 	0.004216527
419.6 	0.003179083
419.8 	0.002131289
420.0 	0.001738
420.2 	0.002348523
420.4 	0.003028827
420.6 	0.002584741
420.8 	0.001218152
421.0 	0.000527
421.2 	0.001580294
421.4 	0.003088521
421.6 	0.003241386
421.8 	0.001812226
422.0 	0.000158
422.2 	-0.000546337
422.4 	-0.000129268
422.6 	0.001305482
422.8 	0.003093362
423.0 	0.004009
423.2 	0.003283438
423.4 	0.002070918
423.6 	0.001938171
423.8 	0.002880742
424.0 	0.003323
424.2 	0.002191725
424.4 	0.000696613
424.6 	0.000545803
424.8 	0.001784905
425.0 	0.002797
425.2 	0.002389226
425.4 	0.001354078
425.6 	0.00093577
425.8 	0.00135221
426.0 	0.001795
426.2 	0.001626972
426.4 	0.001074366
426.6 	0.000573795
426.8 	0.00043583
427.0 	0.000845
427.2 	0.001798232
427.4 	0.002563968
427.6 	0.002273844
427.8 	0.001101785
428.0 	0.000264
428.2 	0.000627473
428.4 	0.001481006
428.6 	0.001756539
428.8 	0.001252738
429.0 	0.000635
429.2 	0.000438458
429.4 	0.000526469
429.6 	0.000605602
429.8 	0.000638922
430.0 	0.000846
430.2 	0.001322965
430.4 	0.001627581
430.6 	0.001218382
430.8 	0.000367166
431.0 	0.000159
431.2 	0.001259607
431.4 	0.002515902
431.6 	0.002391396
431.8 	0.000989394
432.0 	5.3E-05
432.2 	0.000806467
432.4 	0.002113458
432.6 	0.002312038
432.8 	0.001224826
433.0 	0.000159
433.2 	0.000135696
433.4 	0.000773698
433.6 	0.001358789
433.8 	0.001581278
434.0 	0.001536
434.2 	0.001336523
434.4 	0.001100999
434.6 	0.000945389
434.8 	0.000908902
435.0 	0.000954
435.2 	0.00101674
435.4 	0.000940907
435.6 	0.000562506
435.8 	6.91376E-05
436.0 	0
436.2 	0.000684299
436.4 	0.00155013
436.6 	0.001830261
436.8 	0.001446361
437.0 	0.001009
437.2 	0.000988068
437.4 	0.001170925
437.6 	0.001187355
437.8 	0.000967528
438.0 	0.000742
438.2 	0.000693203
438.4 	0.000758847
438.6 	0.000820272
438.8 	0.000869452
439.0 	0.001009
439.2 	0.001294229
439.4 	0.001572023
439.6 	0.001646579
439.8 	0.00153874
440.0 	0.001486
440.2 	0.00165178
440.4 	0.001865527
440.6 	0.001880085
440.8 	0.001606695
441.0 	0.001115
441.2 	0.000528001
441.4 	0.000154576
441.6 	0.000328463
441.8 	0.000886376
442.0 	0.001168
442.2 	0.000745546
442.4 	0.000207752
442.6 	0.000359586
442.8 	0.001134213
443.0 	0.001593
443.2 	0.001086023
443.4 	0.000269823
443.6 	8.96869E-05
443.8 	0.000619951
444.0 	0.001064
444.2 	0.000863662
444.4 	0.00056601
444.6 	0.00095499
444.8 	0.001907422
445.0 	0.002393
445.2 	0.001701388
445.4 	0.000559876
445.6 	1.74178E-05
445.8 	0.000254872
446.0 	0.000585
446.2 	0.000484734
446.4 	0.000238671
446.6 	0.000313475
446.8 	0.000719343
447.0 	0.00101
447.2 	0.000887283
447.4 	0.000724852
447.6 	0.001036755
447.8 	0.001702888
448.0 	0.001969
448.2 	0.001338677
448.4 	0.000457145
448.6 	0.000219515
448.8 	0.000703817
449.0 	0.001171
449.2 	0.00106435
449.4 	0.000698601
449.6 	0.000585758
449.8 	0.000764264
450.0 	0.000799
450.2 	0.000416064
450.4 	6.87865E-05
450.6 	0.000360766
450.8 	0.001170224
451.0 	0.00165
451.2 	0.001203788
451.4 	0.00036485
451.6 	-7.73632E-05
451.8 	6.39621E-05
452.0 	0.000373
452.2 	0.000493513
452.4 	0.000412424
452.6 	0.000204949
452.8 	3.96461E-06
453.0 	-5.42101E-20
453.2 	0.000298166
453.4 	0.000651865
453.6 	0.000739093
453.8 	0.000525822
454.0 	0.000266
454.2 	0.000155151
454.4 	0.000105031
454.6 	-3.25131E-05
454.8 	-0.000151938
455.0 	0.000106
455.2 	0.000921513
455.4 	0.001714559
455.6 	0.0017471
455.8 	0.001018594
456.0 	0.000266
456.2 	7.61424E-05
456.4 	0.000307056
456.6 	0.000639545
456.8 	0.000868722
457.0 	0.000904
457.2 	0.000706929
457.4 	0.000427723
457.6 	0.000259024
457.8 	0.00028453
458.0 	0.000479
458.2 	0.000780667
458.4 	0.001000626
458.6 	0.000928185
458.8 	0.000582584
459.0 	0.000213
459.2 	3.21456E-05
459.4 	6.68948E-05
459.6 	0.000296446
459.8 	0.000672048
460.0 	0.001117
460.2 	0.001522699
460.4 	0.001657804
460.6 	0.001277733
460.8 	0.000539156
461.0 	0
461.2 	6.8631E-05
461.4 	0.000485397
461.6 	0.000834833
461.8 	0.000958903
462.0 	0.000957
462.2 	0.000925447
462.4 	0.000903528
462.6 	0.000915602
462.8 	0.000970795
463.0 	0.001063
463.2 	0.001176742
463.4 	0.001261727
463.6 	0.001261863
463.8 	0.001187812
464.0 	0.001117
464.2 	0.001126854
464.4 	0.001283213
464.6 	0.001638674
464.8 	0.002007976
465.0 	0.001968
465.2 	0.001282796
465.4 	0.000506462
465.6 	0.000359651
465.8 	0.000850974
466.0 	0.001277
466.2 	0.001107439
466.4 	0.000628393
466.6 	0.000315578
466.8 	0.000311611
467.0 	0.000426
467.2 	0.000515684
467.4 	0.000685241
467.6 	0.001088928
467.8 	0.001599657
468.0 	0.001809
468.2 	0.001455771
468.4 	0.000916683
468.6 	0.000708073
468.8 	0.000889752
469.0 	0.001065
469.2 	0.000942096
469.4 	0.000728711
469.6 	0.000742492
469.8 	0.000959058
470.0 	0.001012
470.2 	0.000666384
470.4 	0.000272657
470.6 	0.000306399
470.8 	0.000755268
471.0 	0.001119
471.2 	0.001026669
471.4 	0.000709543
471.6 	0.000537164
471.8 	0.000596712
472.0 	0.000693
472.2 	0.000659528
472.4 	0.000493635
472.6 	0.000237802
472.8 	3.0662E-05
473.0 	0.000107
473.2 	0.000585573
473.4 	0.001104297
473.6 	0.001201805
473.8 	0.000897989
474.0 	0.000694
474.2 	0.000934897
474.4 	0.001257669
474.6 	0.001144177
474.8 	0.000579712
475.0 	5.3E-05
475.2 	-4.55567E-05
475.4 	0.000193604
475.6 	0.000561737
475.8 	0.00089391
476.0 	0.001069
476.2 	0.000999589
476.4 	0.000725462
476.6 	0.000324359
476.8 	1.55838E-05
477.0 	0.00016
477.2 	0.000929919
477.4 	0.001718817
477.6 	0.001758538
477.8 	0.001041559
478.0 	0.000321
478.2 	0.000175991
478.4 	0.000357423
478.6 	0.000425302
478.8 	0.000311751
479.0 	0.000321
479.2 	0.0006612
479.4 	0.001091459
479.6 	0.001269912
479.8 	0.001114306
480.0 	0.000802
480.2 	0.000505469
480.4 	0.000332509
480.6 	0.000368965
480.8 	0.000567782
481.0 	0.000749
481.2 	0.000780889
481.4 	0.000747742
481.6 	0.000783725
481.8 	0.000927855
482.0 	0.001124
482.2 	0.001301562
482.4 	0.001348617
482.6 	0.001150037
482.8 	0.000754601
483.0 	0.000375
483.2 	0.000174487
483.4 	9.00533E-05
483.6 	7.85878E-06
483.8 	-5.41023E-05
484.0 	0.000054
484.2 	0.000405413
484.4 	0.000744129
484.6 	0.00074585
484.8 	0.000408855
485.0 	0.000054
485.2 	-5.93153E-05
485.4 	2.63898E-05
485.6 	0.000194166
485.8 	0.000351238
486.0 	0.000429
486.2 	0.000380885
486.4 	0.000244264
486.6 	7.83984E-05
486.8 	-3.66457E-05
487.0 	6.77626E-21
487.2 	0.000229876
487.4 	0.000453588
487.6 	0.000426579
487.8 	0.000250858
488.0 	0.000375
488.2 	0.001060158
488.4 	0.001757522
488.6 	0.001745369
488.8 	0.000982253
489.0 	0.000107
489.2 	-0.000321276
489.4 	-0.000180627
489.6 	0.000527241
489.8 	0.001470259
490.0 	0.001986
490.2 	0.001622851
490.4 	0.00082992
490.6 	0.00026229
490.8 	0.000133391
491.0 	0.000215
491.2 	0.000298456
491.4 	0.000330174
491.6 	0.000297321
491.8 	0.00023275
492.0 	0.000215
492.2 	0.000294266
492.4 	0.000399421
492.6 	0.000433168
492.8 	0.00039396
493.0 	0.000376
493.2 	0.000440111
493.4 	0.000496954
493.6 	0.000426096
493.8 	0.000255396
494.0 	0.000161
494.2 	0.00026316
494.4 	0.000432752
494.6 	0.000484574
494.8 	0.000377605
495.0 	0.000215
495.2 	8.80594E-05
495.4 	1.5592E-05
495.6 	-1.48364E-06
495.8 	4.31081E-05
496.0 	0.000161
496.2 	0.000340295
496.4 	0.000474048
496.6 	0.000438055
496.8 	0.000257709
497.0 	0.000108
497.2 	0.000116418
497.4 	0.000194434
497.6 	0.000205013
497.8 	0.000137576
498.0 	0.000108
498.2 	0.00019451
498.4 	0.000302728
498.6 	0.000300931
498.8 	0.000190917
499.0 	0.000108
499.2 	0.000150014
499.4 	0.000241643
499.6 	0.000268123
499.8 	0.000202974
500.0 	0.000108
500.2 	3.79094E-05
500.4 	3.66786E-06
500.6 	5.23909E-06
500.8 	4.10519E-05
501.0 	0.000108
501.2 	0.000195118
501.4 	0.000260267
501.6 	0.000257072
501.8 	0.000220928
502.0 	0.000269
502.2 	0.000467617
502.4 	0.000665549
502.6 	0.000665731
502.8 	0.000467983
503.0 	0.000269
503.2 	0.000233774
503.4 	0.000366238
503.6 	0.00062656
503.8 	0.000894417
504.0 	0.000969
504.2 	0.000722281
504.4 	0.000331357
504.6 	4.29916E-05
504.8 	-4.82506E-05
505.0 	-2.71051E-20
505.2 	0.000131221
505.4 	0.000319796
505.6 	0.000545883
505.8 	0.000744795
506.0 	0.000807
506.2 	0.000668643
506.4 	0.000456381
506.6 	0.000339419
506.8 	0.000370119
507.0 	0.000484
507.2 	0.000613028
507.4 	0.000695284
507.6 	0.000673787
507.8 	0.000570035
508.0 	0.000484
508.2 	0.000487907
508.4 	0.000529336
508.6 	0.000527374
508.8 	0.000462584
509.0 	0.000377
509.2 	0.000326437
509.4 	0.000411133
509.6 	0.000732923
509.8 	0.001174816
510.0 	0.001401
510.2 	0.001176772
510.4 	0.000709914
510.6 	0.000311825
510.8 	0.000132795
511.0 	0.000162
511.2 	0.000357098
511.4 	0.000577685
511.6 	0.000664778
511.8 	0.000595884
512.0 	0.000485
512.2 	0.000434641
512.4 	0.000477656
512.6 	0.000625368
512.8 	0.000794666
513.0 	0.000808
513.2 	0.00055329
513.4 	0.00019676
513.6 	-3.23518E-05
513.8 	-5.57334E-05
514.0 	0.000054
514.2 	0.000220224
514.4 	0.000376526
514.6 	0.000460451
514.8 	0.000441875
515.0 	0.000323
515.2 	0.000135809
515.4 	2.57664E-05
515.6 	0.000157574
515.8 	0.000485825
516.0 	0.000755
516.2 	0.000788531
516.4 	0.00076218
516.6 	0.000927309
516.8 	0.001248189
517.0 	0.001402
517.2 	0.001157747
517.4 	0.000701672
517.6 	0.000317449
517.8 	0.0001305
518.0 	0.000108
518.2 	0.000208602
518.4 	0.000384394
518.6 	0.000585354
518.8 	0.000750724
519.0 	0.000809
519.2 	0.000714976
519.4 	0.000530485
519.6 	0.000344152
519.8 	0.000245309
520.0 	0.000324
520.2 	0.000608119
520.4 	0.000876846
520.6 	0.000860552
520.8 	0.000597133
521.0 	0.000432
521.2 	0.000603191
521.4 	0.000865745
521.6 	0.000867327
521.8 	0.000563155
522.0 	0.000216
522.2 	4.66947E-05
522.4 	5.48186E-05
522.6 	0.000182971
522.8 	0.0003354
523.0 	0.000378
523.2 	0.000238679
523.4 	0.000100068
523.6 	0.000197312
523.8 	0.000508767
524.0 	0.000756
524.2 	0.000732188
524.4 	0.000561615
524.6 	0.000444879
524.8 	0.000433915
525.0 	0.000432
525.2 	0.000363233
525.4 	0.000260865
525.6 	0.00018344
525.8 	0.000143582
526.0 	0.000108
526.2 	6.07215E-05
526.4 	6.30451E-05
526.6 	0.000190084
526.8 	0.000390399
527.0 	0.000486
527.2 	0.000360293
527.4 	0.000164278
527.6 	0.00010735
527.8 	0.000203237
528.0 	0.00027
528.2 	0.000184287
528.4 	9.11078E-05
528.6 	0.000194373
528.8 	0.000509618
529.0 	0.000864
529.2 	0.001102206
529.4 	0.001171791
529.6 	0.001049539
529.8 	0.000792901
530.0 	0.00054
530.2 	0.000398574
530.4 	0.000340802
530.6 	0.000305847
530.8 	0.000253064
531.0 	0.000162
531.2 	3.62207E-05
531.4 	-2.81335E-05
531.6 	8.26916E-05
531.8 	0.000355271
532.0 	0.000649
532.2 	0.000843483
532.4 	0.000921273
532.6 	0.000890683
532.8 	0.000760503
533.0 	0.00054
533.2 	0.000264029
533.4 	6.97061E-05
533.6 	0.000112068
533.8 	0.000370352
534.0 	0.000648
534.2 	0.000776791
534.4 	0.000732444
534.6 	0.000529671
534.8 	0.000252445
535.0 	0.000054
535.2 	4.84751E-05
535.4 	0.000181582
535.6 	0.00035853
535.8 	0.00052137
536.0 	0.000649
536.2 	0.000723004
536.4 	0.000729301
536.6 	0.000657099
536.8 	0.000546199
537.0 	0.000487
537.2 	0.000538575
537.4 	0.000625878
537.6 	0.000643672
537.8 	0.000563361
538.0 	0.000433
538.2 	0.000303376
538.4 	0.000222884
538.6 	0.000236321
538.8 	0.00031945
539.0 	0.000379
539.2 	0.000366577
539.4 	0.000425288
539.6 	0.000733858
539.8 	0.001189117
540.0 	0.001406
540.2 	0.001120377
540.4 	0.00060088
540.6 	0.000237373
540.8 	0.000144561
541.0 	0.000162
541.2 	0.000159487
541.4 	0.000175652
541.6 	0.000286943
541.8 	0.00046887
542.0 	0.000596
542.2 	0.000574152
542.4 	0.000451699
542.6 	0.000311384
542.8 	0.000206721
543.0 	0.000162
543.2 	0.0001844
543.4 	0.000217738
543.6 	0.000192682
543.8 	0.00010189
544.0 	1.35525E-20
544.2 	-6.0323E-05
544.4 	-4.51E-05
544.6 	7.20335E-05
544.8 	0.000249744
545.0 	0.000379
545.2 	0.00037731
545.4 	0.000280119
545.6 	0.000152267
545.8 	5.66067E-05
546.0 	0.000054
546.2 	0.000174859
546.4 	0.00032814
546.6 	0.00039689
546.8 	0.000366558
547.0 	0.000325
547.2 	0.000332091
547.4 	0.000317976
547.6 	0.000188225
547.8 	2.91892E-05
548.0 	0.000108
548.2 	0.000577713
548.4 	0.001103645
548.6 	0.001245022
548.8 	0.000925466
549.0 	0.000433
549.2 	5.72494E-05
549.4 	3.08927E-05
549.6 	0.000552806
549.8 	0.001371877
550.0 	0.001787
550.2 	0.001319418
550.4 	0.000458013
550.6 	-8.85405E-05
550.8 	-0.00012029
551.0 	0.000054
551.2 	0.00016727
551.4 	0.000207768
551.6 	0.000226427
551.8 	0.000247988
552.0 	0.000271
552.2 	0.000300239
552.4 	0.000369956
552.6 	0.000520537
552.8 	0.000764
553.0 	0.001084
553.2 	0.001418512
553.4 	0.001527718
553.6 	0.001146069
553.8 	0.000438414
554.0 	1.0842E-19
554.2 	0.000240629
554.4 	0.000753454
554.6 	0.000947115
554.8 	0.000682151
555.0 	0.000271
555.2 	-4.35676E-06
555.4 	-6.2349E-05
555.6 	0.000121766
555.8 	0.000418073
556.0 	0.000542
556.2 	0.000356489
556.4 	0.000341436
556.6 	0.001092672
556.8 	0.002324961
557.0 	0.002872
557.2 	0.001959108
557.4 	0.000531313
557.6 	-8.43118E-05
557.8 	0.000338058
558.0 	0.000923
558.2 	0.000974958
558.4 	0.000709374
558.6 	0.000556858
558.8 	0.000658727
559.0 	0.000867
559.2 	0.001035868
559.4 	0.001078521
559.6 	0.000927674
559.8 	0.000625773
560.0 	0.000325
560.2 	0.000150307
560.4 	9.86459E-05
560.6 	0.000134486
560.8 	0.000211188
561.0 	0.000271
561.2 	0.000275308
561.4 	0.000263961
561.6 	0.000294485
561.8 	0.000379756
562.0 	0.000488
562.2 	0.000582823
562.4 	0.000617114
562.6 	0.000543946
562.8 	0.000382288
563.0 	0.000217
563.2 	0.000115994
563.4 	6.79227E-05
563.6 	4.262E-05
563.8 	3.27883E-05
564.0 	0.000054
564.2 	0.000121186
564.4 	0.000242732
564.6 	0.000422157
564.8 	0.000588636
565.0 	0.000597
565.2 	0.000372814
565.4 	0.00013751
565.6 	0.000174006
565.8 	0.000478205
566.0 	0.000759
566.2 	0.000788046
566.4 	0.000637983
566.6 	0.000453264
566.8 	0.000299408
567.0 	0.000163
567.2 	5.46636E-05
567.4 	9.49117E-05
567.6 	0.000422312
567.8 	0.000958865
568.0 	0.00141
568.2 	0.001533797
568.4 	0.001336597
568.6 	0.00089295
568.8 	0.000418703
569.0 	0.000271
569.2 	0.000672621
569.4 	0.001284308
569.6 	0.001638752
569.8 	0.001555108
570.0 	0.001139
570.2 	0.000549142
570.4 	0.000106781
570.6 	0.000154476
570.8 	0.000590331
571.0 	0.000868
571.2 	0.000607161
571.4 	0.000168901
571.6 	8.0138E-05
571.8 	0.000418835
572.0 	0.000814
572.2 	0.000960099
572.4 	0.000891507
572.6 	0.000726321
572.8 	0.000553727
573.0 	0.000434
573.2 	0.000405724
573.4 	0.000425747
573.6 	0.000432838
573.8 	0.000419905
574.0 	0.000434
574.2 	0.000500929
574.4 	0.000552115
574.6 	0.000499604
574.8 	0.000352507
575.0 	0.000217
575.2 	0.000175549
575.4 	0.000198897
575.6 	0.000231779
575.8 	0.000263113
576.0 	0.000326
576.2 	0.000439199
576.4 	0.000556424
576.6 	0.000616577
576.8 	0.000591904
577.0 	0.000488
577.2 	0.000323503
577.4 	0.000163432
577.6 	8.10299E-05
577.8 	7.18976E-05
578.0 	0.000054
578.2 	-2.03394E-05
578.4 	-4.7859E-05
578.6 	0.00010473
578.8 	0.000393438
579.0 	0.000597
579.2 	0.000549562
579.4 	0.00033775
579.6 	0.000110035
579.8 	-1.44686E-05
580.0 	0.000054
580.2 	0.000343502
580.4 	0.00064041
580.6 	0.000682168
580.8 	0.000470618
581.0 	0.000272
581.2 	0.000285926
581.4 	0.000399518
581.6 	0.000428955
581.8 	0.0003556
582.0 	0.000326
582.2 	0.00043569
582.4 	0.000547432
582.6 	0.000474702
582.8 	0.00023583
583.0 	0.000054
583.2 	9.08972E-05
583.4 	0.000226588
583.6 	0.000277021
583.8 	0.000202764
584.0 	0.000109
584.2 	8.43032E-05
584.4 	0.000125655
584.6 	0.00020622
584.8 	0.000278033
585.0 	0.000272
585.2 	0.000152868
585.4 	2.44216E-05
585.6 	1.96305E-05
585.8 	0.000143286
586.0 	0.000272
586.2 	0.000298532
586.4 	0.000202527
586.6 	-8.19278E-06
586.8 	-0.000177308
587.0 	1.35525E-20
587.2 	0.00067279
587.4 	0.001341262
587.6 	0.001371975
587.8 	0.000788615
588.0 	0.000272
588.2 	0.000332297
588.4 	0.000682788
588.6 	0.000852085
588.8 	0.000703491
589.0 	0.000435
589.2 	0.000222033
589.4 	9.15206E-05
589.6 	3.29607E-05
589.8 	2.87131E-05
590.0 	0.000054
590.2 	8.54747E-05
590.4 	0.000106756
590.6 	0.000104805
590.8 	0.000103373
591.0 	0.000163
591.2 	0.000317476
591.4 	0.00048718
591.6 	0.000567553
591.8 	0.000532623
592.0 	0.000435
592.2 	0.000326401
592.4 	0.000241306
592.6 	0.000207758
592.8 	0.000204905
593.0 	0.000163
593.2 	5.10189E-05
593.4 	1.34103E-06
593.6 	0.000178048
593.8 	0.000534834
594.0 	0.000815
594.2 	0.000830552
594.4 	0.000704893
594.6 	0.000631673
594.8 	0.000629712
595.0 	0.000543
595.2 	0.00028647
595.4 	8.92367E-05
595.6 	0.000244217
595.8 	0.00070523
596.0 	0.001087
596.2 	0.001094236
596.4 	0.000850565
596.6 	0.000579336
596.8 	0.000388779
597.0 	0.000272
597.2 	0.000216604
597.4 	0.000208215
597.6 	0.000231605
597.8 	0.000263385
598.0 	0.000272
598.2 	0.00024405
598.4 	0.000240175
598.6 	0.000335424
598.8 	0.000510548
599.0 	0.000652
599.2 	0.000671364
599.4 	0.000597152
599.6 	0.00048616
599.8 	0.00037338
600.0 	0.000272
600.2 	0.000191717
600.4 	0.000132049
600.6 	9.04706E-05
600.8 	7.59604E-05
601.0 	0.000109
601.2 	0.000200503
601.4 	0.000321107
601.6 	0.000431157
601.8 	0.000485802
602.0 	0.000435
602.2 	0.000262863
602.4 	9.10374E-05
602.6 	6.94893E-05
602.8 	0.000208767
603.0 	0.00038
603.2 	0.000472103
603.4 	0.000469377
603.6 	0.000382358
603.8 	0.000276464
604.0 	0.000272
604.2 	0.000436824
604.4 	0.000619467
604.6 	0.00062167
604.8 	0.000430231
605.0 	0.000217
605.2 	0.000126536
605.4 	0.000162046
605.6 	0.000289254
605.8 	0.000424552
606.0 	0.000435
606.2 	0.000247694
606.4 	3.84615E-05
606.6 	3.50835E-05
606.8 	0.000230138
607.0 	0.000381
607.2 	0.000304866
607.4 	9.91359E-05
607.6 	-7.17724E-05
607.8 	-0.00011315
608.0 	0
608.2 	0.00026084
608.4 	0.000547305
608.6 	0.000713335
608.8 	0.000723501
609.0 	0.000653
609.2 	0.000575129
609.4 	0.000536331
609.6 	0.00057401
609.8 	0.000672088
610.0 	0.000761
610.2 	0.000783937
610.4 	0.000744395
610.6 	0.000661369
610.8 	0.000563485
611.0 	0.000489
611.2 	0.000462258
611.4 	0.000450261
611.6 	0.000408048
611.8 	0.000345232
612.0 	0.000326
612.2 	0.000390327
612.4 	0.000471843
612.6 	0.000480652
612.8 	0.000397144
613.0 	0.000272
613.2 	0.000150659
613.4 	4.53794E-05
613.6 	-3.8371E-05
613.8 	-6.04415E-05
614.0 	0.000054
614.2 	0.000327577
614.4 	0.000568045
614.6 	0.000540393
614.8 	0.000261474
615.0 	4.06576E-20
615.2 	-3.78967E-05
615.4 	5.97898E-05
615.6 	0.000137301
615.8 	0.000171526
616.0 	0.000272
616.2 	0.000509246
616.4 	0.000774661
616.6 	0.000920606
616.8 	0.000931535
617.0 	0.000924
617.2 	0.00097889
617.4 	0.001011481
617.6 	0.000900541
617.8 	0.000637409
618.0 	0.000326
618.2 	7.19013E-05
618.4 	-3.21802E-05
618.6 	9.68616E-05
618.8 	0.000395385
619.0 	0.000653
619.2 	0.00070724
619.4 	0.000612852
619.6 	0.000479009
619.8 	0.000417755
620.0 	0.000544
620.2 	0.000893559
620.4 	0.001185356
620.6 	0.001075946
620.8 	0.000609539
621.0 	0.000218
621.2 	0.000224133
621.4 	0.000447083
621.6 	0.000588769
621.8 	0.000550905
622.0 	0.000435
622.2 	0.000331478
622.4 	0.000251661
622.6 	0.000189144
622.8 	0.000184644
623.0 	0.000326
623.2 	0.00063677
623.4 	0.000875195
623.6 	0.000750326
623.8 	0.000365432
624.0 	0.000218
624.2 	0.000629789
624.4 	0.001151089
624.6 	0.001164184
624.8 	0.00062318
625.0 	5.4E-05
625.2 	-0.000117965
625.4 	3.1089E-05
625.6 	0.000302117
625.8 	0.000554691
626.0 	0.000707
626.2 	0.000709865
626.4 	0.000634437
626.6 	0.000579139
626.8 	0.000577668
627.0 	0.000599
627.2 	0.000613711
627.4 	0.000610033
627.6 	0.000582946
627.8 	0.000581137
628.0 	0.000707
628.2 	0.001010702
628.4 	0.001324174
628.6 	0.001435327
628.8 	0.001374609
629.0 	0.001415
629.2 	0.001731419
629.4 	0.002064364
629.6 	0.00205946
629.8 	0.001678211
630.0 	0.001198
630.2 	0.000850362
630.4 	0.000628504
630.6 	0.000471715
630.8 	0.000449585
631.0 	0.000762
631.2 	0.00149953
631.4 	0.002292811
631.6 	0.00267622
631.8 	0.002614748
632.0 	0.002504
632.2 	0.002636668
632.4 	0.002818895
632.6 	0.002751161
632.8 	0.002501401
633.0 	0.002505
633.2 	0.00301828
633.4 	0.0035174
633.6 	0.003318959
633.8 	0.002555598
634.0 	0.002176
634.2 	0.002854214
634.4 	0.00402383
634.6 	0.004832469
634.8 	0.004983091
635.0 	0.004734
635.2 	0.00437647
635.4 	0.004237079
635.6 	0.00463305
635.8 	0.005463412
636.0 	0.006209
636.2 	0.006486788
636.4 	0.00653103
636.6 	0.006718505
636.8 	0.007154738
637.0 	0.007674
637.2 	0.008119478
637.4 	0.008417197
637.6 	0.008523543
637.8 	0.008616971
638.0 	0.009098
638.2 	0.010206559
638.4 	0.01150159
638.6 	0.012393154
638.8 	0.012782687
639.0 	0.013063
639.2 	0.013571534
639.4 	0.014338794
639.6 	0.015318283
639.8 	0.016457312
640.0 	0.017697
640.2 	0.018960761
640.4 	0.020102268
640.6 	0.020975337
640.8 	0.0218381
641.0 	0.023353
641.2 	0.025925245
641.4 	0.028860776
641.6 	0.031229883
641.8 	0.033003658
642.0 	0.035054
642.2 	0.038068247
642.4 	0.041838844
642.6 	0.045941411
642.8 	0.050110179
643.0 	0.054238
643.2 	0.058316427
643.4 	0.062704251
643.6 	0.067844753
643.8 	0.074012831
644.0 	0.081315
644.2 	0.089749398
644.4 	0.098909925
644.6 	0.108318674
644.8 	0.118170496
645.0 	0.129333
645.2 	0.14254022
645.4 	0.157874894
645.6 	0.175255195
645.8 	0.194559221
646.0 	0.215625
646.2 	0.238527488
646.4 	0.264296338
646.6 	0.294178312
646.8 	0.328924236
647.0 	0.368789
647.2 	0.414050984
647.4 	0.465168782
647.6 	0.522678939
647.8 	0.587874699
648.0 	0.662806
648.2 	0.749534439
648.4 	0.850036659
648.6 	0.966299582
648.8 	1.101035085
649.0 	1.25768
649.2 	1.43999535
649.4 	1.652912838
649.6 	1.901706741
649.8 	2.192799157
650.0 	2.53376
650.2 	2.933279071
650.4 	3.404326096
650.6 	3.961195967
650.8 	4.624052812
651.0 	5.41893
651.2 	6.371107406
651.4 	7.50183019
651.6 	8.83211055
651.8 	10.40080213
652.0 	12.2646
652.2 	14.47811181
652.4 	17.08449257
652.6 	20.12361597
652.8 	23.62573862
653.0 	27.6115
653.2 	32.09379182
653.4 	37.05618728
653.6 	42.47184092
653.8 	48.24285909
654.0 	54.2003
654.2 	60.17678244
654.4 	66.02352379
654.6 	71.5973305
654.8 	76.77661586
655.0 	81.4614
655.2 	85.56326233
655.4 	89.03626176
655.6 	91.84751569
655.8 	94.0202302
656.0 	95.6337
656.2 	96.76954618
656.4 	97.50894081
656.6 	97.93306123
656.8 	98.125787
657.0 	98.1737
657.2 	98.15123774
657.4 	98.08379043
657.6 	97.98505988
657.8 	97.88193665
658.0 	97.8145
658.2 	97.81058852
658.4 	97.84678434
658.6 	97.88813632
658.8 	97.92915247
659.0 	97.9938
659.2 	98.09882797
659.4 	98.2269896
659.6 	98.35302942
659.8 	98.4629676
660.0 	98.5541
660.2 	98.62753259
660.4 	98.69765084
660.6 	98.78109309
660.8 	98.8699571
661.0 	98.9318
661.2 	98.94534992
661.4 	98.93828693
661.6 	98.94918111
661.8 	98.98559827
662.0 	99.0241
662.2 	99.04591503
662.4 	99.05633262
662.6 	99.06594401
662.8 	99.06893781
663.0 	99.0431
663.2 	98.97856533
663.4 	98.91771617
663.6 	98.91355182
663.8 	98.96283662
664.0 	99.0061
664.2 	98.99703639
664.4 	98.95178019
664.6 	98.90116942
664.8 	98.85519484
665.0 	98.803
665.2 	98.73787768
665.4 	98.67334328
665.6 	98.62696482
665.8 	98.59324076
666.0 	98.5436
666.2 	98.46295275
666.4 	98.39414652
666.6 	98.39190924
666.8 	98.45107818
667.0 	98.5066
667.2 	98.50382557
667.4 	98.44013843
667.6 	98.32481893
667.8 	98.14158657
668.0 	97.8486
668.2 	97.39853649
668.4 	96.72659315
668.6 	95.76344621
668.8 	94.43630261
669.0 	92.6689
669.2 	90.39615327
669.4 	87.59828963
669.6 	84.26696157
669.8 	80.39605715
670.0 	75.9817
670.2 	71.05287891
670.4 	65.76965451
670.6 	60.32215341
670.8 	54.83835671
671.0 	49.3841
671.2 	44.03354344
671.4 	38.90495346
671.6 	34.12501255
671.8 	29.76036162
672.0 	25.8176
672.2 	22.29817966
672.4 	19.19340515
672.6 	16.49134473
672.8 	14.1639788
673.0 	12.1672
673.2 	10.45759112
673.4 	8.997293567
673.6 	7.75012194
673.8 	6.686411862
674.0 	5.78302
674.2 	5.01736398
674.4 	4.367971184
674.6 	3.813815547
674.8 	3.337760707
675.0 	2.92656
675.2 	2.568773406
675.4 	2.259511003
675.6 	1.995399876
675.8 	1.770295151
676.0 	1.57528
676.2 	1.402661303
676.4 	1.250122864
676.6 	1.116658789
676.8 	1.000482955
677.0 	0.899029
677.2 	0.809810883
677.4 	0.730799527
677.6 	0.660109783
677.8 	0.596539194
678.0 	0.539568
678.2 	0.488668797
678.4 	0.443164871
678.6 	0.402350276
678.8 	0.365705206
679.0 	0.332896
679.2 	0.303537035
679.4 	0.277002472
679.6 	0.252624161
679.8 	0.230142013
680.0 	0.209704
680.2 	0.191432153
680.4 	0.175273766
680.6 	0.161116945
680.8 	0.148493111
681.0 	0.136577
681.2 	0.124839686
681.4 	0.11399961
681.6 	0.105035531
681.8 	0.097741129
682.0 	0.090725
682.2 	0.082980127
682.4 	0.07524313
682.6 	0.068645532
682.8 	0.06337573
683.0 	0.058679
683.2 	0.053974561
683.4 	0.049541444
683.6 	0.045850615
683.8 	0.042843703
684.0 	0.039933
684.2 	0.036742452
684.4 	0.033834685
684.6 	0.031963164
684.8 	0.030873209
685.0 	0.029302
685.2 	0.026418366
685.4 	0.023293069
685.6 	0.021414424
685.8 	0.020938276
686.0 	0.020688
686.2 	0.01970541
686.4 	0.018137797
686.6 	0.016404457
686.8 	0.01482433
687.0 	0.013616
687.2 	0.012933616
687.4 	0.012691045
687.6 	0.012741961
687.8 	0.012937249
688.0 	0.013125
688.2 	0.013098676
688.4 	0.012433699
688.6 	0.010690467
688.8 	0.008337613
689.0 	0.006752
689.2 	0.006909311
689.4 	0.008022551
689.6 	0.008894312
689.8 	0.009023033
690.0 	0.008603
690.2 	0.007863576
690.4 	0.007053406
690.6 	0.006415709
690.8 	0.005957981
691.0 	0.005452
691.2 	0.004773344
691.4 	0.004253791
691.6 	0.004321338
691.8 	0.004993837
692.0 	0.005879
692.2 	0.006583479
692.4 	0.006781031
692.6 	0.006184111
692.8 	0.005009438
693.0 	0.003978
693.2 	0.003638568
693.4 	0.003763365
693.6 	0.003942402
693.8 	0.004040043
694.0 	0.004195
694.2 	0.004464171
694.4 	0.004529483
694.6 	0.004004528
694.8 	0.003087261
695.0 	0.00256
695.2 	0.002939601
695.4 	0.003579448
695.6 	0.003578436
695.8 	0.002872177
696.0 	0.002233
696.2 	0.002237891
696.4 	0.002536934
696.6 	0.002563885
696.8 	0.002106594
697.0 	0.001307
697.2 	0.000403467
697.4 	-4.15378E-05
697.6 	0.000578276
697.8 	0.002013494
698.0 	0.003159
698.2 	0.003166501
698.4 	0.002363825
698.6 	0.001373209
698.8 	0.00082567
699.0 	0.001361
699.2 	0.003230508
699.4 	0.005130041
699.6 	0.005434435
699.8 	0.004079095
700.0 	0.00256
700.2 	0.002020791
700.4 	0.001924346
700.6 	0.001356478
700.8 	0.000394854
701.0 	0.000109
701.2 	0.001195844
701.4 	0.00268944
701.6 	0.003253548
701.8 	0.002596659
702.0 	0.001472
702.2 	0.000580427
702.4 	0.000231634
702.6 	0.000618462
702.8 	0.001495282
703.0 	0.002178
703.2 	0.002148152
703.4 	0.001626064
703.6 	0.001013603
703.8 	0.000640029
704.0 	0.000762
704.2 	0.001469398
704.4 	0.002197633
704.6 	0.002249408
704.8 	0.001638347
705.0 	0.001089
705.2 	0.00112762
705.4 	0.001363642
705.6 	0.001206059
705.8 	0.000725454
706.0 	0.000654
706.2 	0.001437879
706.4 	0.002264252
706.6 	0.00205792
706.8 	0.000948816
707.0 	0.000272
707.2 	0.000951864
707.4 	0.002060533
707.6 	0.002257714
707.8 	0.001368027
708.0 	0.000381
708.2 	0.000109499
708.4 	0.000457147
708.6 	0.001102736
708.8 	0.001782077
709.0 	0.002288
709.2 	0.002441491
709.4 	0.002166234
709.6 	0.001425497
709.8 	0.000502416
710.0 	0
710.2 	0.000322243
710.4 	0.001021463
710.6 	0.001456008
710.8 	0.001420133
711.0 	0.001144
711.2 	0.000855644
711.4 	0.000698789
711.6 	0.000786401
711.8 	0.001008868
712.0 	0.001034
712.2 	0.000711289
712.4 	0.000655675
712.6 	0.001625755
712.8 	0.003282848
713.0 	0.004191
713.2 	0.00333815
713.4 	0.001598643
713.6 	0.000282697
713.8 	-0.00012114
714.0 	0.000054
714.2 	0.000459789
714.4 	0.000830008
714.6 	0.00093177
714.8 	0.000826712
715.0 	0.000871
715.2 	0.001278501
715.4 	0.001642674
715.6 	0.001429183
715.8 	0.000731719
716.0 	0.000272
716.2 	0.000557623
716.4 	0.001130473
716.6 	0.001316045
716.8 	0.001015768
717.0 	0.000707
717.2 	0.000760817
717.4 	0.001023002
717.6 	0.001215954
717.8 	0.001244721
718.0 	0.001197
718.2 	0.001153856
718.4 	0.001138069
718.6 	0.001155866
718.8 	0.001167849
719.0 	0.001089
719.2 	0.00086857
719.4 	0.000600826
719.6 	0.000413228
719.8 	0.000362773
720.0 	0.000436
720.2 	0.000646544
720.4 	0.001128689
720.6 	0.0020297
720.8 	0.003101767
721.0 	0.003702
721.2 	0.003365172
721.4 	0.002405419
721.6 	0.001332089
721.8 	0.000663112
722.0 	0.000925
722.2 	0.002333154
722.4 	0.003857039
722.6 	0.004205134
722.8 	0.003247343
723.0 	0.002015
723.2 	0.001388559
723.4 	0.001442976
723.6 	0.002044277
723.8 	0.002884762
724.0 	0.003483
724.2 	0.003475268
724.4 	0.002998883
724.6 	0.002312311
724.8 	0.001579524
725.0 	0.00087
725.2 	0.000279958
725.4 	2.90257E-05
725.6 	0.000348908
725.8 	0.001039522
726.0 	0.001469
726.2 	0.001198194
726.4 	0.00063394
726.6 	0.000373318
726.8 	0.000524549
727.0 	0.000707
727.2 	0.000656618
727.4 	0.000660692
727.6 	0.00112192
727.8 	0.001927276
728.0 	0.002448
728.2 	0.002233158
728.4 	0.001632791
728.6 	0.001179974
728.8 	0.001011925
729.0 	0.00087
729.2 	0.000564349
729.4 	0.000249138
729.6 	0.000154833
729.8 	0.000288738
730.0 	0.000435
730.2 	0.000435932
730.4 	0.000405342
730.6 	0.000519818
730.8 	0.000838885
731.0 	0.001305
731.2 	0.001867013
731.4 	0.0025197
731.6 	0.00325952
731.8 	0.003857654
732.0 	0.00386
732.2 	0.003014376
732.4 	0.001915453
732.6 	0.00135181
732.8 	0.00170249
733.0 	0.002937
733.2 	0.004735614
733.4 	0.005692888
733.6 	0.004238838
733.8 	0.001261912
734.0 	0.000109
734.2 	0.00292308
734.4 	0.006603953
734.6 	0.006911155
734.8 	0.003526485
735.0 	5.4E-05
735.2 	-0.000663765
735.4 	0.000487512
735.6 	0.001739064
735.8 	0.002448339
736.0 	0.003099
736.2 	0.004090069
736.4 	0.005286147
736.6 	0.006409761
736.8 	0.006988698
737.0 	0.006356
737.2 	0.004258012
737.4 	0.002128145
737.6 	0.001745777
737.8 	0.003146875
738.0 	0.004624
738.2 	0.004801531
738.4 	0.003934339
738.6 	0.002684448
738.8 	0.00170315
739.0 	0.001631
739.2 	0.002749322
739.4 	0.003904367
739.6 	0.003648255
739.8 	0.002019698
740.0 	0.000544
740.2 	0.000399292
740.4 	0.001116479
740.6 	0.001832397
740.8 	0.002091929
741.0 	0.001848
741.2 	0.001145322
741.4 	0.000324791
741.6 	-0.000205616
741.8 	-0.000198091
742.0 	0.000435
742.2 	0.001658875
742.4 	0.002976927
742.6 	0.003791745
742.8 	0.003842911
743.0 	0.003207
743.2 	0.002036235
743.4 	0.000726823
743.6 	-0.000267912
743.8 	-0.000583835
744.0 	5.4E-05
744.2 	0.001642602
744.4 	0.003082748
744.6 	0.003064576
744.8 	0.001736859
745.0 	0.000707
745.2 	0.001150576
745.4 	0.002262162
745.6 	0.002785694
745.8 	0.002491039
746.0 	0.002174
746.2 	0.002392833
746.4 	0.002577175
746.6 	0.001920628
746.8 	0.000677539
747.0 	0.000163
747.2 	0.001274414
747.4 	0.003053949
747.6 	0.004119703
747.8 	0.004003721
748.0 	0.003152
748.2 	0.002021635
748.4 	0.000955172
748.6 	0.000259341
748.8 	7.57721E-05
749.0 	0.000381
749.2 	0.001100127
749.4 	0.001981245
749.6 	0.002732745
749.8 	0.003167728
750.0 	0.003204
750.2 	0.002798109
750.4 	0.002043358
750.6 	0.001078158
750.8 	0.000292109
751.0 	0.000326
751.2 	0.001535039
751.4 	0.00308844
751.6 	0.003894486
751.8 	0.003679531
752.0 	0.002988
752.2 	0.002383032
752.4 	0.002360345
752.6 	0.003367249
752.8 	0.005125442
753.0 	0.006631
753.2 	0.007033008
753.4 	0.006218763
753.6 	0.00428471
753.8 	0.001892902
754.0 	0.000271
754.2 	0.000310841
754.4 	0.001462601
754.6 	0.002825695
754.8 	0.00372163
755.0 	0.003694
755.2 	0.002541589
755.4 	0.001045317
755.6 	0.000201392
755.8 	0.000310339
756.0 	0.000977
756.2 	0.001782247
756.4 	0.002332056
756.6 	0.002257483
756.8 	0.001622101
757.0 	0.000922
757.2 	0.000572068
757.4 	0.000587169
757.6 	0.000880719
757.8 	0.001332968
758.0 	0.001791
758.2 	0.002079888
758.4 	0.001942422
758.6 	0.001134741
758.8 	0.000193127
759.0 	0.000434
759.2 	0.002559179
759.4 	0.004676386
759.6 	0.004360243
759.8 	0.001840093
760.0 	0
760.2 	0.000916178
760.4 	0.002971744
760.6 	0.003722343
760.8 	0.002926975
761.0 	0.002548
761.2 	0.003934843
761.4 	0.005602002
761.6 	0.005443335
761.8 	0.003378909
762.0 	0.001355
762.2 	0.000950806
762.4 	0.001924846
762.6 	0.003580253
762.8 	0.00521522
763.0 	0.006123
763.2 	0.005806196
763.4 	0.004605661
763.6 	0.003067365
763.8 	0.001635004
764.0 	0.00065
764.2 	0.000312428
764.4 	0.000274757
764.6 	7.73582E-05
764.8 	-0.00016897
765.0 	0.000217
765.2 	0.001596622
765.4 	0.002952551
765.6 	0.002987105
765.8 	0.001882329
766.0 	0.0013
766.2 	0.002389429
766.4 	0.003992733
766.6 	0.004439733
766.8 	0.003543828
767.0 	0.002602
767.2 	0.00260887
767.4 	0.003091597
767.6 	0.003233231
767.8 	0.002740137
768.0 	0.001842
768.2 	0.000883339
768.4 	0.000577004
768.6 	0.001668285
768.8 	0.003530701
769.0 	0.004166
769.2 	0.002418323
769.4 	0.000739961
769.6 	0.002321544
769.8 	0.00658869
770.0 	0.009202
770.2 	0.007116545
770.4 	0.003120049
770.6 	0.001312157
770.8 	0.002428962
771.0 	0.003843
771.2 	0.003490451
771.4 	0.002147033
771.6 	0.001257266
771.8 	0.001320716
772.0 	0.001892
772.2 	0.00253172
772.4 	0.002988755
772.6 	0.003071333
772.8 	0.002870075
773.0 	0.002758
773.2 	0.002958389
773.4 	0.003046459
773.6 	0.002477278
773.8 	0.001668828
774.0 	0.002002
774.2 	0.004236873
774.4 	0.006482803
774.6 	0.006296555
774.8 	0.003766977
775.0 	0.001515
775.2 	0.001583395
775.4 	0.003261941
775.6 	0.005174844
775.8 	0.0064678
776.0 	0.006808
776.2 	0.006048128
776.4 	0.004692154
776.6 	0.003389678
776.8 	0.002394977
777.0 	0.001567
777.2 	0.000872115
777.4 	0.000775111
777.6 	0.00182542
777.8 	0.003653332
778.0 	0.00497
778.2 	0.004895658
778.4 	0.004346727
778.6 	0.004635051
778.8 	0.005839105
779.0 	0.006804
779.2 	0.006637635
779.4 	0.005713562
779.6 	0.004707055
779.8 	0.00395542
780.0 	0.003458
780.2 	0.003165658
780.4 	0.002894116
780.6 	0.002438081
780.8 	0.001885989
781.0 	0.00162
781.2 	0.001938761
781.4 	0.002755772
781.6 	0.003874443
781.8 	0.004780703
782.0 	0.004643
782.2 	0.002991674
782.4 	0.000859846
782.6 	-0.000382549
782.8 	-0.000259918
783.0 	0.000809
783.2 	0.00237489
783.4 	0.004021686
783.6 	0.005342241
783.8 	0.005943401
784.0 	0.005446
784.2 	0.003800249
784.4 	0.002271425
784.6 	0.002382502
784.8 	0.004021803
785.0 	0.005443
785.2 	0.005477647
785.4 	0.005553111
785.6 	0.007643093
785.8 	0.01136101
786.0 	0.01396
786.2 	0.013505816
786.4 	0.011725155
786.6 	0.011146969
786.8 	0.011701643
787.0 	0.010721
787.2 	0.00657191
787.4 	0.002213369
787.6 	0.001571264
787.8 	0.0044053
788.0 	0.006309
788.2 	0.004284073
788.4 	0.001689527
788.6 	0.003253945
788.8 	0.00865171
789.0 	0.012503
789.2 	0.01092855
789.4 	0.006930322
789.6 	0.005080779
789.8 	0.006506863
790.0 	0.00889
790.2 	0.010162949
790.4 	0.009863024
790.6 	0.007959362
790.8 	0.005126825
791.0 	0.002746
791.2 	0.001900116
791.4 	0.00236024
791.6 	0.003559677
791.8 	0.00470819
792.0 	0.004792
792.2 	0.003226537
792.4 	0.001182946
792.6 	0.000220955
792.8 	0.000742355
793.0 	0.001991
793.2 	0.003185377
793.4 	0.003643888
793.6 	0.002764489
793.8 	0.00120038
794.0 	0.00086
794.2 	0.002955379
794.4 	0.005694602
794.6 	0.006633001
794.8 	0.005585175
795.0 	0.004625
795.2 	0.005227461
795.4 	0.006079075
795.6 	0.005252063
795.8 	0.002723639
796.0 	0.000376
796.2 	-0.00030892
796.4 	0.000218441
796.6 	0.001036956
796.8 	0.00151071
797.0 	0.001289
797.2 	0.000371511
797.4 	0.000109871
797.6 	0.002093095
797.8 	0.005596359
798.0 	0.007581
798.2 	0.005941533
798.4 	0.002707587
798.6 	0.000857492
798.8 	0.001412742
799.0 	0.003438
799.2 	0.005846485
799.4 	0.007285957
799.6 	0.006417236
799.8 	0.003727842
800.0 	0.001532
800.2 	0.001532603
800.4 	0.002669545
800.6 	0.003241113
800.8 	0.002675939
801.0 	0.001533
801.2 	0.000463827
801.4 	0.000293588
801.6 	0.001824892
801.8 	0.004343034
802.0 	0.005616
802.2 	0.0041815
802.4 	0.001920034
802.6 	0.001445439
802.8 	0.00301731
803.0 	0.004541
803.2 	0.004463052
803.4 	0.003804189
803.6 	0.004172909
803.8 	0.005894891
804.0 	0.008013
804.2 	0.00965019
804.4 	0.01047288
804.6 	0.010318817
804.8 	0.009841466
805.0 	0.01051
805.2 	0.013267027
805.4 	0.016807013
805.6 	0.01931574
805.8 	0.020206082
806.0 	0.020118
806.2 	0.019568548
806.4 	0.018369739
806.6 	0.016209284
806.8 	0.013969836
807.0 	0.013729
807.2 	0.016694346
807.4 	0.020385492
807.6 	0.021531173
807.8 	0.019875508
808.0 	0.018178
808.2 	0.018558071
808.4 	0.020050399
808.6 	0.020961604
808.8 	0.020590282
809.0 	0.019227
809.2 	0.017297752
809.4 	0.015597721
809.6 	0.014971711
809.8 	0.015282932
810.0 	0.015413
810.2 	0.014571211
810.4 	0.013448293
810.6 	0.013063088
810.8 	0.013462801
811.0 	0.013723
811.2 	0.013196284
811.4 	0.012512359
811.6 	0.012574286
811.8 	0.013228937
812.0 	0.013267
812.2 	0.011878544
812.4 	0.010034863
812.6 	0.009100504
812.8 	0.009242827
813.0 	0.009432
813.2 	0.008978265
813.4 	0.008760365
813.6 	0.009979982
813.8 	0.012247499
814.0 	0.013582
814.2 	0.012609512
814.4 	0.010660565
814.6 	0.009672581
814.8 	0.009990544
815.0 	0.010367
815.2 	0.009885881
815.4 	0.009233612
815.6 	0.009453041
815.8 	0.010570338
816.0 	0.011595
816.2 	0.011781529
816.4 	0.011541262
816.6 	0.011549806
816.8 	0.011909217
817.0 	0.012148
817.2 	0.011911203
817.4 	0.011409794
817.6 	0.010985209
817.8 	0.010725633
818.0 	0.010466
818.2 	0.010105999
818.4 	0.00984838
818.6 	0.009958411
818.8 	0.010396662
819.0 	0.010819
819.2 	0.010902611
819.4 	0.010462939
819.6 	0.009381759
819.8 	0.008271452
820.0 	0.008475
820.2 	0.010777728
820.4 	0.013607253
820.6 	0.014872692
820.8 	0.014114406
821.0 	0.012504
821.2 	0.011046367
821.4 	0.009795859
821.6 	0.00857582
821.8 	0.00736209
822.0 	0.006283
822.2 	0.005502631
822.4 	0.005301541
822.6 	0.005963786
822.8 	0.00718412
823.0 	0.008068
823.2 	0.008054035
823.4 	0.008015941
823.6 	0.009121941
823.8 	0.011062035
824.0 	0.012048
824.2 	0.010827496
824.4 	0.008548793
824.6 	0.00691311
824.8 	0.006535929
825.0 	0.006947
825.2 	0.007671204
825.4 	0.008402774
825.6 	0.008892318
825.8 	0.009213292
826.0 	0.009762
826.2 	0.010775344
826.4 	0.011796477
826.6 	0.012210131
826.8 	0.011746452
827.0 	0.010481
827.2 	0.0086088
827.4 	0.006742658
827.6 	0.005582481
827.8 	0.005429245
828.0 	0.006185
828.2 	0.007499724
828.4 	0.008084491
828.6 	0.00651595
828.8 	0.003677641
829.0 	0.00276
829.2 	0.005778673
829.4 	0.009648949
829.6 	0.010169727
829.8 	0.00679003
830.0 	0.002609
830.2 	0.000360438
830.4 	0.000681963
830.6 	0.003623383
830.8 	0.007767877
831.0 	0.010232
831.2 	0.009029267
831.4 	0.006016117
831.6 	0.003934326
831.8 	0.003791685
832.0 	0.004862
832.2 	0.00633664
832.4 	0.007378801
832.6 	0.007198829
832.8 	0.006253496
833.0 	0.006246
833.2 	0.008170458
833.4 	0.009967883
833.6 	0.008939352
833.8 	0.005222796
834.0 	0.001793
834.2 	0.000905495
834.4 	0.001445436
834.6 	0.00152099
834.8 	0.000749202
835.0 	0.000256
835.2 	0.000927045
835.4 	0.002424512
835.6 	0.004114504
835.8 	0.005588429
836.0 	0.006663
836.2 	0.007158154
836.4 	0.006867526
836.6 	0.005609172
836.8 	0.003914047
837.0 	0.003026
837.2 	0.003689316
837.4 	0.004526032
837.6 	0.003724314
837.8 	0.001696281
838.0 	0.001078
838.2 	0.003615307
838.4 	0.007106337
838.6 	0.008467554
838.8 	0.007036342
839.0 	0.004571
839.2 	0.002596467
839.4 	0.001283205
839.6 	0.000470946
839.8 	0.000180949
840.0 	0.000616
840.2 	0.001898821
840.4 	0.003800322
840.6 	0.005986021
840.8 	0.007720419
841.0 	0.007867
841.2 	0.005795974
841.4 	0.00297421
841.6 	0.001326993
841.8 	0.001267339
842.0 	0.001696
842.2 	0.001725562
842.4 	0.001578956
842.6 	0.001749765
842.8 	0.002572181
843.0 	0.004221
843.2 	0.006552012
843.4 	0.008172706
843.6 	0.007464054
843.8 	0.004774908
844.0 	0.002422
844.2 	0.00219656
844.4 	0.003445584
844.6 	0.004925241
844.8 	0.005857074
845.0 	0.005928
845.2 	0.005118705
845.4 	0.004504011
845.6 	0.005367511
845.8 	0.007503306
846.0 	0.009216
846.2 	0.009300532
846.4 	0.00877222
846.6 	0.00913535
846.8 	0.010373394
847.0 	0.010949
847.2 	0.009674628
847.4 	0.007026466
847.6 	0.003910532
847.8 	0.00155256
848.0 	0.001498
848.2 	0.004603785
848.4 	0.008917182
848.6 	0.011849451
848.8 	0.012339324
849.0 	0.010853
849.2 	0.008139821
849.4 	0.005816049
849.6 	0.005628042
849.8 	0.007329608
850.0 	0.008682
850.2 	0.007982043
850.4 	0.006015386
850.6 	0.00417667
850.8 	0.00355661
851.0 	0.004942
851.2 	0.00848703
851.4 	0.011868344
851.6 	0.012260922
851.8 	0.009547385
852.0 	0.006318
852.2 	0.004635962
852.4 	0.003985302
852.6 	0.003240257
852.8 	0.002080072
853.0 	0.000989
853.2 	0.000666436
853.4 	0.00253234
853.6 	0.008034825
853.8 	0.015126205
854.0 	0.018263
854.2 	0.013842591
854.4 	0.006633784
854.6 	0.003259011
854.8 	0.004838445
855.0 	0.00699
855.2 	0.006247144
855.4 	0.003762467
855.6 	0.001794365
855.8 	0.001474739
856.0 	0.002809
856.2 	0.00543726
856.4 	0.007734354
856.6 	0.007857528
856.8 	0.006234809
857.0 	0.005565
857.2 	0.007622449
857.4 	0.010088763
857.6 	0.009763704
857.8 	0.006697931
858.0 	0.004193
858.2 	0.004694216
858.4 	0.00665652
858.6 	0.007615222
858.8 	0.006898821
859.0 	0.005629
859.2 	0.004785635
859.4 	0.004469519
859.6 	0.004549974
859.8 	0.004627143
860.0 	0.004032
860.2 	0.002402182
860.4 	0.000648807
860.6 	-4.22321E-05
860.8 	0.000512304
861.0 	0.001493
861.2 	0.00229645
861.4 	0.003357664
861.6 	0.005314705
861.8 	0.007504931
862.0 	0.007965
862.2 	0.005725436
862.4 	0.004018452
862.6 	0.006897054
862.8 	0.01313284
863.0 	0.016216
863.2 	0.01170261
863.4 	0.0043308
863.6 	0.000883809
863.8 	0.002385628
864.0 	0.004101
864.2 	0.002548629
864.4 	0.000264667
864.6 	0.00112385
864.8 	0.005187995
865.0 	0.008706
865.2 	0.008815377
865.4 	0.006871206
865.6 	0.005206647
865.8 	0.004399659
866.0 	0.003273
866.2 	0.001174116
866.4 	-0.000145533
866.6 	0.001539054
866.8 	0.00552129
867.0 	0.008163
867.2 	0.006809876
867.4 	0.003252928
867.6 	0.000330545
867.8 	-0.00058969
868.0 	0.000389
868.2 	0.002833622
868.4 	0.005247898
868.6 	0.005934474
868.8 	0.004685174
869.0 	0.002781
869.2 	0.001323222
869.4 	0.000435201
869.6 	3.55954E-06
869.8 	9.29395E-05
870.0 	0.000946
870.2 	0.002699796
870.4 	0.005038008
870.6 	0.007517071
870.8 	0.009373722
871.0 	0.009525
871.2 	0.007595833
871.4 	0.006098309
871.6 	0.008078391
871.8 	0.012259996
872.0 	0.013045
872.2 	0.00707165
872.4 	0.000675351
872.6 	0.002218255
872.8 	0.010919058
873.0 	0.016853
873.2 	0.012958532
873.4 	0.005217118
873.6 	0.002547471
873.8 	0.006427637
874.0 	0.010895
874.2 	0.011298976
874.4 	0.009531133
874.6 	0.0089833
874.8 	0.00993591
875.0 	0.009558
875.2 	0.00603992
875.4 	0.002198394
875.6 	0.001836272
875.8 	0.004835677
876.0 	0.007158
876.2 	0.005925973
876.4 	0.003589554
876.6 	0.003776841
876.8 	0.006581547
877.0 	0.008563
877.2 	0.007163209
877.4 	0.00396958
877.6 	0.001539954
877.8 	0.000916157
878.0 	0.001624
878.2 	0.003018542
878.4 	0.004035484
878.6 	0.003561102
878.8 	0.001756178
879.0 	5.6E-05
879.2 	-0.00039622
879.4 	0.000152761
879.6 	0.001119821
879.8 	0.0021777
880.0 	0.003255
880.2 	0.004200141
880.4 	0.004496314
880.6 	0.003580209
880.8 	0.001919131
881.0 	0.001011
881.2 	0.001864849
881.4 	0.003354938
881.6 	0.003882136
881.8 	0.003234245
882.0 	0.002586
882.2 	0.00279722
882.4 	0.003226858
882.6 	0.002898738
882.8 	0.00175878
883.0 	0.000675
883.2 	0.000335421
883.4 	0.000547744
883.6 	0.000903818
883.8 	0.001092769
884.0 	0.000901
884.2 	0.000311916
884.4 	8.00014E-05
884.6 	0.001100129
884.8 	0.003062371
885.0 	0.004452
885.2 	0.004226018
885.4 	0.003437883
885.6 	0.00360655
885.8 	0.004902752
886.0 	0.006149
886.2 	0.006345533
886.4 	0.005437962
886.6 	0.00364258
886.8 	0.001965368
887.0 	0.002202
887.2 	0.005281294
887.4 	0.008527317
887.6 	0.008512164
887.8 	0.005239989
888.0 	0.002147
888.2 	0.001797259
888.4 	0.002669367
888.6 	0.002323045
888.8 	0.000675216
889.0 	3.25261E-19
889.2 	0.001815661
889.4 	0.004207084
889.6 	0.004506718
889.8 	0.00248293
890.0 	0.00034
890.2 	-0.000115372
890.4 	0.000909546
890.6 	0.00270278
890.8 	0.004524497
891.0 	0.005607
891.2 	0.005407668
891.4 	0.004289041
891.6 	0.00283222
891.8 	0.001440626
892.0 	0.00034
892.2 	-0.000234053
892.4 	2.44373E-05
892.6 	0.001403084
892.8 	0.00336264
893.0 	0.004537
893.2 	0.003949024
893.4 	0.002321241
893.6 	0.000781528
893.8 	7.59615E-06
894.0 	0.000227
894.2 	0.001512345
894.4 	0.003394741
894.6 	0.005270477
894.8 	0.006548618
895.0 	0.006651
895.2 	0.00530066
895.4 	0.003423199
895.6 	0.002203842
895.8 	0.001884346
896.0 	0.001763
896.2 	0.001314714
896.4 	0.000884957
896.6 	0.001018258
896.8 	0.001831715
897.0 	0.003015
897.2 	0.004172019
897.4 	0.004637948
897.6 	0.00372468
897.8 	0.001753884
898.0 	5.7E-05
898.2 	-0.000304155
898.4 	0.000478132
898.6 	0.001889308
898.8 	0.003213796
899.0 	0.003535
899.2 	0.002352342
899.4 	0.00086429
899.6 	0.000631847
899.8 	0.001784857
900.0 	0.003022
900.2 	0.003415018
900.4 	0.003776785
900.6 	0.005283525
900.8 	0.007456897
901.0 	0.008164
901.2 	0.005977687
901.4 	0.002581574
901.6 	0.000368586
901.8 	0.000158912
902.0 	0.0012
902.2 	0.002663531
902.4 	0.003691631
902.6 	0.003465017
902.8 	0.002221903
903.0 	0.001258
903.2 	0.001496973
903.4 	0.002190392
903.6 	0.002227449
903.8 	0.001777288
904.0 	0.002289
904.2 	0.004584361
904.4 	0.006753283
904.6 	0.006330744
904.8 	0.003796484
905.0 	0.002575
905.2 	0.005016254
905.4 	0.008659919
905.6 	0.009963382
905.8 	0.00815058
906.0 	0.005212
906.2 	0.002882336
906.4 	0.001391972
906.6 	0.000605884
906.8 	0.000634359
907.0 	0.001833
907.2 	0.004247198
907.4 	0.006638832
907.6 	0.007507771
907.8 	0.006707877
908.0 	0.005447
908.2 	0.004691518
908.4 	0.004206435
908.6 	0.003482139
908.8 	0.002600726
909.0 	0.002236
909.2 	0.002953517
909.4 	0.004782931
909.6 	0.00757948
909.8 	0.010268214
910.0 	0.010844
910.2 	0.008080256
910.4 	0.004026374
910.6 	0.001463434
910.8 	0.001164577
911.0 	0.001895
911.2 	0.002508544
911.4 	0.002562834
911.6 	0.00181825
911.8 	0.000651776
912.0 	0.000057
912.2 	0.000715337
912.4 	0.001952274
912.6 	0.002781181
912.8 	0.002833351
913.0 	0.002358
913.2 	0.001621257
913.4 	0.000849443
913.6 	0.000260093
913.8 	9.75577E-05
914.0 	0.000633
914.2 	0.001931171
914.4 	0.003226505
914.6 	0.003581688
914.8 	0.002883536
915.0 	0.001843
915.2 	0.001085549
915.4 	0.000751413
915.6 	0.00085075
915.8 	0.001192223
916.0 	0.001383
916.2 	0.001146533
916.4 	0.000706444
916.6 	0.000403728
916.8 	0.0004029
917.0 	0.000692
917.2 	0.001198636
917.4 	0.001639387
917.6 	0.001692751
917.8 	0.001374764
918.0 	0.001039
918.2 	0.000950382
918.4 	0.000960538
918.6 	0.000833556
918.8 	0.000696618
919.0 	0.00104
919.2 	0.002111978
919.4 	0.003129693
919.6 	0.003096749
919.8 	0.00203449
920.0 	0.000982
920.2 	0.0007407
920.4 	0.000984358
920.6 	0.00112203
920.8 	0.000958445
921.0 	0.000694
921.2 	0.000506958
921.4 	0.000418241
921.6 	0.000410067
921.8 	0.000479211
922.0 	0.000637
922.2 	0.000903282
922.4 	0.001329443
922.6 	0.001967874
922.8 	0.002712745
923.0 	0.0033
923.2 	0.003459757
923.4 	0.002926341
923.6 	0.001480358
923.8 	-5.74103E-05
924.0 	0.000174
924.2 	0.003196486
924.4 	0.006494783
924.6 	0.00680668
924.8 	0.004028879
925.0 	0.001217
925.2 	0.000741859
925.4 	0.001685691
925.6 	0.002362562
925.8 	0.002328
926.0 	0.002379
926.2 	0.003084655
926.4 	0.003886552
926.6 	0.003972913
926.8 	0.003187777
927.0 	0.002031
927.2 	0.000997891
927.4 	0.000451524
927.6 	0.000696525
927.8 	0.001453492
928.0 	0.001859
928.2 	0.001360406
928.4 	0.000749766
928.6 	0.001108374
928.8 	0.002438022
929.0 	0.003661
929.2 	0.003940838
929.4 	0.003593759
929.6 	0.003207817
929.8 	0.002995154
930.0 	0.002792
930.2 	0.002471572
930.4 	0.002120405
930.6 	0.001887582
930.8 	0.002134328
931.0 	0.003434
931.2 	0.005979105
931.4 	0.008401848
931.6 	0.009002303
931.8 	0.007413213
932.0 	0.0046
932.2 	0.001680793
932.4 	0.000152799
932.6 	0.001512677
932.8 	0.005064748
933.0 	0.007921
933.2 	0.007872928
933.4 	0.005811345
933.6 	0.003378533
933.8 	0.001679504
934.0 	0.001282
934.2 	0.002365162
934.4 	0.003647155
934.6 	0.003548304
934.8 	0.002039261
935.0 	0.000641
935.2 	0.000519773
935.4 	0.001153314
935.6 	0.001619585
935.8 	0.001510715
936.0 	0.000933
936.2 	0.000125057
936.4 	-0.000234636
936.6 	0.000597243
936.8 	0.002326215
937.0 	0.00362
937.2 	0.003519798
937.4 	0.002741229
937.6 	0.00238842
937.8 	0.002873382
938.0 	0.003916
938.2 	0.005117905
938.4 	0.005728069
938.6 	0.00496248
938.8 	0.003306328
939.0 	0.002514
939.2 	0.003736845
939.4 	0.005493324
939.6 	0.005721386
939.8 	0.004146369
940.0 	0.002281
940.2 	0.00140125
940.4 	0.001525226
940.6 	0.002351084
940.8 	0.003450765
941.0 	0.00427
941.2 	0.004424218
941.4 	0.004229586
941.6 	0.004163194
941.8 	0.004374034
942.0 	0.004683
942.2 	0.004893604
942.4 	0.004796883
942.6 	0.004197036
942.8 	0.00327271
943.0 	0.002577
943.2 	0.00243874
943.4 	0.002224605
943.6 	0.001136628
943.8 	0.000122587
944.0 	0.001876
944.2 	0.007761715
944.4 	0.01352628
944.6 	0.013744674
944.8 	0.008350903
945.0 	0.002638
945.2 	0.000735705
945.4 	0.001188562
945.6 	0.001240943
945.8 	0.000348066
946.0 	0.000176
946.2 	0.001914278
946.4 	0.00446181
946.6 	0.006183925
946.8 	0.006344708
947.0 	0.005107
947.2 	0.002918322
947.4 	0.001208623
947.6 	0.001573359
947.8 	0.003765794
948.0 	0.005697
948.2 	0.005775429
948.4 	0.004719445
948.6 	0.003783481
948.8 	0.0032695
949.0 	0.002527
949.2 	0.001179505
949.4 	0.000112285
949.6 	0.000466182
949.8 	0.002005099
950.0 	0.003116
950.2 	0.002627727
950.4 	0.001376092
950.6 	0.000660966
950.8 	0.000915474
951.0 	0.001706
951.2 	0.002734909
951.4 	0.004399224
951.6 	0.007205896
951.8 	0.010195852
952.0 	0.010944
952.2 	0.00790106
952.4 	0.00327596
952.6 	0.000127928
952.8 	-0.000536603
953.0 	0.000236
953.2 	0.001415497
953.4 	0.002393157
953.6 	0.002685221
953.8 	0.002258625
954.0 	0.001531
954.2 	0.000907686
954.4 	0.000666474
954.6 	0.001040238
954.8 	0.001962214
955.0 	0.003066
955.2 	0.004013388
955.4 	0.004631072
955.6 	0.004789323
955.8 	0.004412489
956.0 	0.003479
956.2 	0.002128178
956.4 	0.001133513
956.6 	0.001381801
956.8 	0.002719353
957.0 	0.003952
957.2 	0.00420449
957.4 	0.004058204
957.6 	0.004417158
957.8 	0.005230398
958.0 	0.005492
958.2 	0.004484007
958.4 	0.002806422
958.6 	0.001370947
958.8 	0.000680056
959.0 	0.000827
959.2 	0.001786431
959.4 	0.003129783
959.6 	0.004329766
959.8 	0.004906998
960.0 	0.00443
960.2 	0.002749034
960.4 	0.000832997
960.6 	-0.00011222
960.8 	0.000138
961.0 	0.000827
961.2 	0.001439706
961.4 	0.002598042
961.6 	0.005132336
961.8 	0.008128496
962.0 	0.008928
962.2 	0.005943934
962.4 	0.002179169
962.6 	0.001623011
962.8 	0.004561417
963.0 	0.007577
963.2 	0.007968839
963.4 	0.006545944
963.6 	0.004958601
963.8 	0.004024353
964.0 	0.003728
964.2 	0.003950453
964.4 	0.004301886
964.6 	0.004338417
964.8 	0.003929515
965.0 	0.003258
965.2 	0.002554274
965.4 	0.002184554
965.6 	0.002519371
965.8 	0.003247508
966.0 	0.003376
966.2 	0.002387142
966.4 	0.001782829
966.6 	0.003468871
966.8 	0.007028426
967.0 	0.009722
967.2 	0.00947829
967.4 	0.007302697
967.6 	0.004939011
967.8 	0.003422918
968.0 	0.003082
968.2 	0.003904969
968.4 	0.004648198
968.6 	0.003835293
968.8 	0.00172216
969.0 	0.000297
969.2 	0.001042544
969.4 	0.003118366
969.6 	0.005122965
969.8 	0.006108342
970.0 	0.00558
970.2 	0.003523965
970.4 	0.001769498
970.6 	0.002494861
970.8 	0.00530669
971.0 	0.00724
971.2 	0.006116474
971.4 	0.003351704
971.6 	0.001197708
971.8 	0.000479281
972.0 	0.000594
972.2 	0.000965695
972.4 	0.001371434
972.6 	0.001680228
972.8 	0.001844682
973.0 	0.001901
973.2 	0.001969585
973.4 	0.002493116
973.6 	0.003954759
973.8 	0.005915872
974.0 	0.007016
974.2 	0.006268146
974.4 	0.004339452
974.6 	0.002299047
974.8 	0.000950537
975.0 	0.000832
975.2 	0.002098504
975.4 	0.003419247
975.6 	0.003177904
975.8 	0.001734817
976.0 	0.001427
976.2 	0.003737639
976.4 	0.006390837
976.6 	0.006301695
976.8 	0.003392954
977.0 	0.000595
977.2 	0.000202802
977.4 	0.001446593
977.6 	0.002824763
977.8 	0.003625542
978.0 	0.003927
978.2 	0.003863256
978.4 	0.003655261
978.6 	0.003540359
978.8 	0.003633652
979.0 	0.003928
979.2 	0.004312979
979.4 	0.004286297
979.6 	0.003290397
979.8 	0.00174998
980.0 	0.001072
980.2 	0.002200544
980.4 	0.004057395
980.6 	0.005099697
980.8 	0.004726149
981.0 	0.003277
981.2 	0.001399619
981.4 	0.0008061
981.6 	0.003346059
981.8 	0.007909938
982.0 	0.010429
982.2 	0.008111919
982.4 	0.003791643
982.6 	0.001562375
982.8 	0.002187583
983.0 	0.0031
983.2 	0.002301815
983.4 	0.000652289
983.6 	-0.000322354
983.8 	-0.00018387
984.0 	0.000418
984.2 	0.001028476
984.4 	0.002161828
984.6 	0.004512771
984.8 	0.007354161
985.0 	0.008537
985.2 	0.006652873
985.4 	0.003502981
985.6 	0.001602915
985.8 	0.001443941
986.0 	0.001493
986.2 	0.000659676
986.4 	-2.38264E-05
986.6 	0.000935097
986.8 	0.003413123
987.0 	0.005671
987.2 	0.006378794
987.4 	0.006124873
987.6 	0.005942319
987.8 	0.006062486
988.0 	0.005915
988.2 	0.005079109
988.4 	0.003871995
988.6 	0.00278486
988.8 	0.002068239
989.0 	0.001732
989.2 	0.001707858
989.4 	0.001656762
989.6 	0.001199033
989.8 	0.0005774
990.0 	0.000657
990.2 	0.001960562
990.4 	0.003532943
990.6 	0.00410291
990.8 	0.003626896
991.0 	0.003289
991.2 	0.003967564
991.4 	0.005104397
991.6 	0.005808491
991.8 	0.005794152
992.0 	0.005381
992.2 	0.004916923
992.4 	0.004757609
992.6 	0.005232531
992.8 	0.006023367
993.0 	0.006164
993.2 	0.004999733
993.4 	0.003234216
993.6 	0.001884561
993.8 	0.001367024
994.0 	0.001497
994.2 	0.002076503
994.4 	0.002958514
994.6 	0.004002745
994.8 	0.004930564
995.0 	0.005325
995.2 	0.004881551
995.4 	0.003769648
995.6 	0.00228614
995.8 	0.000933334
996.0 	0.000419
996.2 	0.001109834
996.4 	0.001972511
996.6 	0.001689635
996.8 	0.000460281
997.0 	3.25261E-19
997.2 	0.00149162
997.4 	0.003723353
997.6 	0.004941873
997.8 	0.004707459
998.0 	0.003894
998.2 	0.003287811
998.4 	0.00309646
998.6 	0.003368868
998.8 	0.003832826
999.0 	0.003895
999.2 	0.003148462
999.4 	0.001987756
999.6 	0.000998268
999.8 	0.000546286
1000.0 	0.000779
1000.2 	0.001643241
1000.4 	0.002322515
1000.6 	0.001864558
1000.8 	0.000583527
1001.0 	6E-05
1001.2 	0.001390663
1001.4 	0.003516389
1001.6 	0.004887551
1001.8 	0.005068987
1002.0 	0.00474
1002.2 	0.004502693
1002.4 	0.004456556
1002.6 	0.004570277
1002.8 	0.004694135
1003.0 	0.00456
1003.2 	0.004010909
1003.4 	0.003355169
1003.6 	0.003004344
1003.8 	0.00306966
1004.0 	0.003362
1004.2 	0.003780419
1004.4 	0.004628881
1004.6 	0.006266453
1004.8 	0.007991364
1005.0 	0.008041
1005.2 	0.005389606
1005.4 	0.002143346
1005.6 	0.001080769
1005.8 	0.00243665
1006.0 	0.003902
1006.2 	0.003766236
1006.4 	0.003154813
1006.6 	0.003829194
1006.8 	0.005871798
1007.0 	0.007686
1007.2 	0.007969641
1007.4 	0.006890431
1007.6 	0.004985095
1007.8 	0.00282597
1008.0 	0.001021
1008.2 	5.18213E-05
1008.4 	-0.000111374
1008.6 	0.000372671
1008.8 	0.001320511
1009.0 	0.002524
1009.2 	0.00375912
1009.4 	0.004742678
1009.6 	0.005176053
1009.8 	0.004746069
1010.0 	0.003125
1010.2 	0.000526792
1010.4 	-0.000665385
1010.6 	0.002301138
1010.8 	0.008204439
1011.0 	0.011848
1011.2 	0.009616844
1011.4 	0.004913371
1011.6 	0.002720717
1011.8 	0.004028936
1012.0 	0.005835
1012.2 	0.005814077
1012.4 	0.005048552
1012.6 	0.005385977
1012.8 	0.006681126
1013.0 	0.006796
1013.2 	0.004405971
1013.4 	0.001786473
1013.6 	0.001970491
1013.8 	0.004714408
1014.0 	0.006498
1014.2 	0.004818443
1014.4 	0.00181235
1014.6 	0.000660757
1014.8 	0.001889658
1015.0 	0.00337
1015.2 	0.003477297
1015.4 	0.003067076
1015.6 	0.003553183
1015.8 	0.004930711
1016.0 	0.005776
1016.2 	0.005075892
1016.4 	0.003705967
1016.6 	0.002965143
1016.8 	0.003028843
1017.0 	0.002949
1017.2 	0.002162033
1017.4 	0.001837705
1017.6 	0.003484841
1017.8 	0.006443903
1018.0 	0.007887
1018.2 	0.005889039
1018.4 	0.002513243
1018.6 	0.000722865
1018.8 	0.001249083
1019.0 	0.002591
1019.2 	0.003397905
1019.4 	0.003308026
1019.6 	0.002248704
1019.8 	0.001110461
1020.0 	0.001747
1020.2 	0.005144988
1020.4 	0.008655441
1020.6 	0.008864051
1020.8 	0.005659006
1021.0 	0.002231
1021.2 	0.001140184
1021.4 	0.001850203
1021.6 	0.00307234
1021.8 	0.004018457
1022.0 	0.004401
1022.2 	0.004131363
1022.4 	0.003829688
1022.6 	0.004260207
1022.8 	0.005426001
1023.0 	0.006569
1023.2 	0.007061575
1023.4 	0.006930241
1023.6 	0.006359345
1023.8 	0.005401983
1024.0 	0.00398
1024.2 	0.002174656
1024.4 	0.000727694
1024.6 	0.000520833
1024.8 	0.001857536
1025.0 	0.004463
1025.2 	0.007699741
1025.4 	0.009580095
1025.6 	0.007909178
1025.8 	0.003489507
1026.0 	0.000121
1026.2 	0.00055164
1026.4 	0.002800378
1026.6 	0.003811666
1026.8 	0.003008416
1027.0 	0.002292
1027.2 	0.003118796
1027.4 	0.004734163
1027.6 	0.005866653
1027.8 	0.006071576
1028.0 	0.005731
1028.2 	0.005144141
1028.4 	0.004135023
1028.6 	0.002447725
1028.8 	0.000719944
1029.0 	0.000483
1029.2 	0.002584805
1029.4 	0.004984234
1029.6 	0.005038332
1029.8 	0.002874002
1030.0 	0.001388
1030.2 	0.00266017
1030.4 	0.00502099
1030.6 	0.005946249
1030.8 	0.004812687
1031.0 	0.002898
1031.2 	0.001369438
1031.4 	0.000621864
1031.6 	0.000836192
1031.8 	0.001713693
1032.0 	0.002476
1032.2 	0.002550456
1032.4 	0.002270674
1032.6 	0.002171581
1032.8 	0.002207269
1033.0 	0.001751
1033.2 	0.000527143
1033.4 	-0.00023447
1033.6 	0.000982882
1033.8 	0.003638047
1034.0 	0.005132
1034.2 	0.003736542
1034.4 	0.001564677
1034.6 	0.001559857
1034.8 	0.003678901
1035.0 	0.004892
1035.2 	0.003124614
1035.4 	0.000642697
1035.6 	0.000678392
1035.8 	0.003728404
1036.0 	0.007554
1036.2 	0.010117066
1036.4 	0.010657701
1036.6 	0.008787037
1036.8 	0.005300136
1037.0 	0.002176
1037.2 	0.00101376
1037.4 	0.001687172
1037.6 	0.003623026
1037.8 	0.005888868
1038.0 	0.007193
1038.2 	0.006675361
1038.4 	0.005264934
1038.6 	0.004301116
1038.8 	0.004275926
1039.0 	0.004834
1039.2 	0.005541717
1039.4 	0.005799794
1039.6 	0.005014381
1039.8 	0.003669091
1040.0 	0.003325
1040.2 	0.004975886
1040.4 	0.007158949
1040.6 	0.007876059
1040.8 	0.006941906
1041.0 	0.005984
1041.2 	0.006221749
1041.4 	0.006926895
1041.6 	0.00693652
1041.8 	0.006289598
1042.0 	0.006227
1042.2 	0.007546681
1042.4 	0.009065905
1042.6 	0.009168407
1042.8 	0.007655684
1043.0 	0.005747
1043.2 	0.004504642
1043.4 	0.004116428
1043.6 	0.004532952
1043.8 	0.005276891
1044.0 	0.005443
1044.2 	0.004460359
1044.4 	0.003169753
1044.6 	0.002724168
1044.8 	0.003339788
1045.0 	0.004296
1045.2 	0.005053778
1045.4 	0.005963359
1045.6 	0.007552096
1045.8 	0.00930765
1046.0 	0.009678
1046.2 	0.007736331
1046.4 	0.005237479
1046.6 	0.004508346
1046.8 	0.005613865
1047.0 	0.006357
1047.2 	0.005241667
1047.4 	0.003968976
1047.6 	0.004926003
1047.8 	0.007893119
1048.0 	0.010044
1048.2 	0.009341534
1048.4 	0.007358815
1048.6 	0.006487979
1048.8 	0.007200462
1049.0 	0.008047
1049.2 	0.007849572
1049.4 	0.006849159
1049.6 	0.005641788
1049.8 	0.004830229
1050.0 	0.005024
1050.2 	0.00652036
1050.4 	0.008366357
1050.6 	0.009338952
1050.8 	0.009191749
1051.0 	0.008655
1051.2 	0.008337206
1051.4 	0.008190029
1051.6 	0.008000569
1051.8 	0.007547887
1052.0 	0.006603
1052.2 	0.005170472
1052.4 	0.004190442
1052.6 	0.004773308
1052.8 	0.006565803
1053.0 	0.007751
1053.2 	0.007071192
1053.4 	0.005760098
1053.6 	0.005602042
1053.8 	0.006719479
1054.0 	0.007573
1054.2 	0.007095092
1054.4 	0.006394852
1054.6 	0.007039361
1054.8 	0.008613708
1055.0 	0.008721
1055.2 	0.006004522
1055.4 	0.003612973
1055.6 	0.005615873
1055.8 	0.011355522
1056.0 	0.015447
1056.2 	0.013931177
1056.4 	0.009374206
1056.6 	0.005869471
1056.8 	0.005116307
1057.0 	0.00642
1057.2 	0.0089047
1057.4 	0.011386379
1057.6 	0.01263676
1057.8 	0.012181862
1058.0 	0.010302
1058.2 	0.007638034
1058.4 	0.006141822
1058.6 	0.007958083
1058.8 	0.012129157
1059.0 	0.014595
1059.2 	0.012536555
1059.4 	0.008638252
1059.6 	0.006815723
1059.8 	0.007657096
1060.0 	0.008423
1060.2 	0.007102539
1060.4 	0.005177417
1060.6 	0.004915282
1060.8 	0.00657807
1061.0 	0.008422
1061.2 	0.009085946
1061.4 	0.009088205
1061.6 	0.009374904
1061.8 	0.009925543
1062.0 	0.009753
1062.2 	0.00819216
1062.4 	0.006034061
1062.6 	0.00440653
1062.8 	0.003810698
1063.0 	0.004121
1063.2 	0.00522864
1063.4 	0.00720088
1063.6 	0.010092552
1063.8 	0.012660184
1064.0 	0.012362
1064.2 	0.007777137
1064.4 	0.002194169
1064.6 	-6.88105E-05
1064.8 	0.001905977
1065.0 	0.005636
1065.2 	0.008813611
1065.4 	0.010422076
1065.6 	0.009830548
1065.8 	0.007860957
1066.0 	0.006788
1066.2 	0.008121278
1066.4 	0.010057338
1066.6 	0.010072968
1066.8 	0.008140537
1067.0 	0.006728
1067.2 	0.007639257
1067.4 	0.009587984
1067.6 	0.010604214
1067.8 	0.010762917
1068.0 	0.012184
1068.2 	0.015994553
1068.4 	0.01899476
1068.6 	0.017106131
1068.8 	0.010920496
1069.0 	0.0057
1069.2 	0.005354028
1069.4 	0.007568701
1069.6 	0.008608887
1069.8 	0.007834399
1070.0 	0.0077
1070.2 	0.00987573
1070.4 	0.012354485
1070.6 	0.012338044
1070.8 	0.009976048
1071.0 	0.008366
1071.2 	0.009736763
1071.4 	0.012329971
1071.6 	0.013485414
1071.8 	0.012727049
1072.0 	0.011763
1072.2 	0.011897618
1072.4 	0.012440301
1072.6 	0.012246247
1072.8 	0.011194908
1073.0 	0.01019
1073.2 	0.009952651
1073.4 	0.010295512
1073.6 	0.010811014
1073.8 	0.011250254
1074.0 	0.011523
1074.2 	0.011618775
1074.4 	0.011818546
1074.6 	0.012448305
1074.8 	0.013193893
1075.0 	0.013101
1075.2 	0.011562387
1075.4 	0.009470442
1075.6 	0.008055656
1075.8 	0.007702014
1076.0 	0.007947
1076.2 	0.008406642
1076.4 	0.009158366
1076.6 	0.010392635
1076.8 	0.012246781
1077.0 	0.014805
1077.2 	0.01769438
1077.4 	0.018722806
1077.6 	0.015414641
1077.8 	0.009233651
1078.0 	0.005583
1078.2 	0.00828181
1078.4 	0.01412792
1078.6 	0.01830652
1078.8 	0.01928421
1079.0 	0.018809
1079.2 	0.018355435
1079.4 	0.017733513
1079.6 	0.016365742
1079.8 	0.014333493
1080.0 	0.012377
1080.2 	0.011071095
1080.4 	0.01021443
1080.6 	0.009438199
1080.8 	0.008985235
1081.0 	0.00971
1081.2 	0.01194594
1081.4 	0.013836061
1081.6 	0.01308453
1081.8 	0.009897278
1082.0 	0.006982
1082.2 	0.006455723
1082.4 	0.007637712
1082.6 	0.009177576
1082.8 	0.010410052
1083.0 	0.011355
1083.2 	0.011939429
1083.4 	0.011599785
1083.6 	0.009710599
1083.8 	0.007043057
1084.0 	0.005765
1084.2 	0.007272172
1084.4 	0.00962904
1084.6 	0.010184265
1084.8 	0.008977821
1085.0 	0.008741
1085.2 	0.011245816
1085.4 	0.013959118
1085.6 	0.013439954
1085.8 	0.010122688
1086.0 	0.008317
1086.2 	0.011033801
1086.4 	0.015414965
1086.6 	0.017274788
1086.8 	0.015640246
1087.0 	0.012751
1087.2 	0.010587351
1087.4 	0.009533449
1087.6 	0.009541769
1087.8 	0.009814192
1088.0 	0.008802
1088.2 	0.005678422
1088.4 	0.002634995
1088.6 	0.002497294
1088.8 	0.005318421
1089.0 	0.008379
1089.2 	0.009630854
1089.4 	0.010192751
1089.6 	0.011880913
1089.8 	0.014342978
1090.0 	0.015058
1090.2 	0.012495691
1090.4 	0.009465524
1090.6 	0.009686901
1090.8 	0.012853844
1091.0 	0.014635
1091.2 	0.011893983
1091.4 	0.006974335
1091.6 	0.003500155
1091.8 	0.003038824
1092.0 	0.005101
1092.2 	0.00894423
1092.4 	0.013171303
1092.6 	0.016245827
1092.8 	0.017195078
1093.0 	0.01561
1093.2 	0.011678908
1093.4 	0.007881568
1093.6 	0.007128731
1093.8 	0.009068034
1094.0 	0.010084
1094.2 	0.007611295
1094.4 	0.003852669
1094.6 	0.002106849
1094.8 	0.003463656
1095.0 	0.006804
1095.2 	0.01071022
1095.4 	0.012954532
1095.6 	0.011244216
1095.8 	0.006451188
1096.0 	0.002612
1096.2 	0.002724612
1096.4 	0.005082237
1096.6 	0.006886377
1096.8 	0.007281492
1097.0 	0.007355
1097.2 	0.007892346
1097.4 	0.008133166
1097.6 	0.0070003
1097.8 	0.005018614
1098.0 	0.004315
1098.2 	0.006310813
1098.4 	0.009326643
1098.6 	0.010974435
1098.8 	0.010396799
1099.0 	0.008267
1099.2 	0.005598723
1099.4 	0.004501113
1099.6 	0.007220579
1099.8 	0.012861655
1100.0 	0.017387
1100.2 	0.017745837
1100.4 	0.01538005
1100.6 	0.01281414
1100.8 	0.011640017
1101.0 	0.012517
1101.2 	0.015525575
1101.4 	0.018593075
1101.6 	0.019221616
1101.8 	0.017513857
1102.0 	0.016173
1102.2 	0.017037407
1102.4 	0.018033802
1102.6 	0.0162506
1102.8 	0.011987003
1103.0 	0.008753
1103.2 	0.009050154
1103.4 	0.010787929
1103.6 	0.010855355
1103.8 	0.009076005
1104.0 	0.008208
1104.2 	0.010225333
1104.4 	0.013455122
1104.6 	0.015399278
1104.8 	0.015549445
1105.0 	0.015387
1105.2 	0.016179513
1105.4 	0.017993279
1105.6 	0.02056426
1105.8 	0.022938074
1106.0 	0.02347
1106.2 	0.02119563
1106.4 	0.017991879
1106.6 	0.016361507
1106.8 	0.016864086
1107.0 	0.018116
1107.2 	0.018988044
1107.4 	0.019706614
1107.6 	0.020803288
1107.8 	0.022034192
1108.0 	0.02238
1108.2 	0.021255342
1108.4 	0.01994553
1108.6 	0.020152358
1108.8 	0.022400197
1109.0 	0.026036
1109.2 	0.030205813
1109.4 	0.033456829
1109.6 	0.03426716
1109.8 	0.032969475
1110.0 	0.031751
1110.2 	0.032326174
1110.4 	0.034195759
1110.6 	0.036332943
1110.8 	0.038305342
1111.0 	0.040275
1111.2 	0.042312228
1111.4 	0.044017016
1111.6 	0.044904044
1111.8 	0.045230082
1112.0 	0.045994
1112.2 	0.047875996
1112.4 	0.050152541
1112.6 	0.051791406
1112.8 	0.052731725
1113.0 	0.053884
1113.2 	0.055850481
1113.4 	0.057831483
1113.6 	0.05873529
1113.8 	0.058814696
1114.0 	0.059667
1114.2 	0.062484401
1114.4 	0.066604865
1114.6 	0.07091323
1114.8 	0.074534131
1115.0 	0.076832
1115.2 	0.077472135
1115.4 	0.077281577
1115.6 	0.077372977
1115.8 	0.078747934
1116.0 	0.082297
1116.2 	0.088133035
1116.4 	0.093277463
1116.6 	0.094145305
1116.8 	0.09098012
1117.0 	0.087854
1117.2 	0.088120434
1117.4 	0.091592661
1117.6 	0.097155966
1117.8 	0.102709246
1118.0 	0.105165
1118.2 	0.102969768
1118.4 	0.100877785
1118.6 	0.104906621
1118.8 	0.11386124
1119.0 	0.119334
1119.2 	0.115487849
1119.4 	0.108022458
1119.6 	0.105228129
1119.8 	0.108643591
1120.0 	0.113056
1120.2 	0.114336885
1120.4 	0.113869466
1120.6 	0.114310624
1120.8 	0.115919201
1121.0 	0.116556
1121.2 	0.114971241
1121.4 	0.113889858
1121.6 	0.116840473
1121.8 	0.12298187
1122.0 	0.127103
1122.2 	0.12549288
1122.4 	0.121200767
1122.6 	0.118821165
1122.8 	0.119617876
1123.0 	0.121524
1123.2 	0.122721385
1123.4 	0.122966116
1123.6 	0.122430302
1123.8 	0.121802757
1124.0 	0.122289
1124.2 	0.124512211
1124.4 	0.126676348
1124.6 	0.126465176
1124.8 	0.123508466
1125.0 	0.119382
1125.2 	0.115516506
1125.4 	0.112424067
1125.6 	0.110364478
1125.8 	0.109077127
1126.0 	0.107781
1126.2 	0.10608843
1126.4 	0.105275651
1126.6 	0.106931474
1126.8 	0.110266475
1127.0 	0.112113
1127.2 	0.110314559
1127.4 	0.107172918
1127.6 	0.105956038
1127.8 	0.106519399
1128.0 	0.105306
1128.2 	0.10000249
1128.4 	0.093863602
1128.6 	0.091358372
1128.8 	0.092868432
1129.0 	0.094688
1129.2 	0.09394545
1129.4 	0.091816616
1129.6 	0.090430061
1129.8 	0.090554139
1130.0 	0.091597
1130.2 	0.092822552
1130.4 	0.0931543
1130.6 	0.091503573
1130.8 	0.088458896
1131.0 	0.086286
1131.2 	0.08655053
1131.4 	0.087726116
1131.6 	0.087604875
1131.8 	0.086083248
1132.0 	0.085162
1132.2 	0.086201935
1132.4 	0.087638035
1132.6 	0.087255689
1132.8 	0.084723043
1133.0 	0.081591
1133.2 	0.079316674
1133.4 	0.078654573
1133.6 	0.080112762
1133.8 	0.082571052
1134.0 	0.083281
1134.2 	0.080478561
1134.4 	0.076620455
1134.6 	0.075086761
1134.8 	0.076225373
1135.0 	0.077352
1135.2 	0.076352961
1135.4 	0.073924351
1135.6 	0.071450472
1135.8 	0.069988204
1136.0 	0.070267
1136.2 	0.072542191
1136.4 	0.075229547
1136.6 	0.07634481
1136.8 	0.075280517
1137.0 	0.072806
1137.2 	0.070023058
1137.4 	0.069123903
1137.6 	0.072420699
1137.8 	0.078714652
1138.0 	0.083296
1138.2 	0.082647732
1138.4 	0.078634426
1138.6 	0.074400879
1138.8 	0.071592839
1139.0 	0.070357
1139.2 	0.070528497
1139.4 	0.070956929
1139.6 	0.070322399
1139.8 	0.069073437
1140.0 	0.069427
1140.2 	0.072795761
1140.4 	0.077067705
1140.6 	0.0793346
1140.8 	0.07864215
1141.0 	0.07599
1141.2 	0.072637173
1141.4 	0.07054039
1141.6 	0.071719227
1141.8 	0.075627046
1142.0 	0.079151
1142.2 	0.079882783
1142.4 	0.078678544
1142.6 	0.077190963
1142.8 	0.076622221
1143.0 	0.077724
1143.2 	0.080664599
1143.4 	0.083357116
1143.6 	0.083291154
1143.8 	0.081183274
1144.0 	0.080977
1144.2 	0.085165632
1144.4 	0.089880375
1144.6 	0.089893035
1144.8 	0.085291352
1145.0 	0.081479
1145.2 	0.082527462
1145.4 	0.086254957
1145.6 	0.089004073
1145.8 	0.089134092
1146.0 	0.087021
1146.2 	0.083755568
1146.4 	0.082936994
1146.6 	0.088530829
1146.8 	0.098505237
1147.0 	0.104831
1147.2 	0.101941047
1147.4 	0.095159924
1147.6 	0.092310365
1147.8 	0.096046729
1148.0 	0.103855
1148.2 	0.112654664
1148.4 	0.11799808
1148.6 	0.115402379
1148.8 	0.107435462
1149.0 	0.103716
1149.2 	0.110768241
1149.4 	0.121512533
1149.6 	0.125843144
1149.8 	0.122277065
1150.0 	0.117954
1150.2 	0.118618629
1150.4 	0.122935913
1150.6 	0.127854592
1150.8 	0.131558586
1151.0 	0.133467
1151.2 	0.133469239
1151.4 	0.133121095
1151.6 	0.134342857
1151.8 	0.137856563
1152.0 	0.143186
1152.2 	0.149784335
1152.4 	0.157030661
1152.6 	0.164265133
1152.8 	0.170358279
1153.0 	0.173711
1153.2 	0.173672716
1153.4 	0.173468593
1153.6 	0.177119006
1153.8 	0.184648541
1154.0 	0.192086
1154.2 	0.196424393
1154.4 	0.199208479
1154.6 	0.203028076
1154.8 	0.208336787
1155.0 	0.213452
1155.2 	0.217230877
1155.4 	0.221061182
1155.6 	0.226896556
1155.8 	0.235154824
1156.0 	0.244718
1156.2 	0.25467147
1156.4 	0.265181224
1156.6 	0.276632811
1156.8 	0.288248244
1157.0 	0.298086
1157.2 	0.304934329
1157.4 	0.310702941
1157.6 	0.317996178
1157.8 	0.327446603
1158.0 	0.337715
1158.2 	0.347689164
1158.4 	0.357507858
1158.6 	0.367618996
1158.8 	0.378387839
1159.0 	0.390097
1159.2 	0.402789091
1159.4 	0.415561097
1159.6 	0.427351187
1159.8 	0.438882071
1160.0 	0.452661
1160.2 	0.47022523
1160.4 	0.488921667
1160.6 	0.505216314
1160.8 	0.519408925
1161.0 	0.535633
1161.2 	0.55654048
1161.4 	0.578190333
1161.6 	0.595245399
1161.8 	0.608167212
1162.0 	0.623216
1162.2 	0.645030972
1162.4 	0.670758794
1162.6 	0.695784243
1162.8 	0.718050871
1163.0 	0.738061
1163.2 	0.757009215
1163.4 	0.778414138
1163.6 	0.806115262
1163.8 	0.837968863
1164.0 	0.865848
1164.2 	0.884212097
1164.4 	0.898906605
1164.6 	0.918330441
1164.8 	0.94414257
1165.0 	0.971262
1165.2 	0.995737873
1165.4 	1.019312015
1165.6 	1.045020274
1165.8 	1.072927991
1166.0 	1.10013
1166.2 	1.124522235
1166.4 	1.147721626
1166.6 	1.17218172
1166.8 	1.198202422
1167.0 	1.22393
1167.2 	1.248178243
1167.4 	1.272805567
1167.6 	1.300298281
1167.8 	1.330077671
1168.0 	1.3585
1168.2 	1.382929253
1168.4 	1.405293351
1168.6 	1.42857301
1168.8 	1.453720571
1169.0 	1.47966
1169.2 	1.505466256
1169.4 	1.531171026
1169.6 	1.557035618
1169.8 	1.58310144
1170.0 	1.60919
1170.2 	1.63525169
1170.4 	1.661790689
1170.6 	1.68942556
1170.8 	1.718221432
1171.0 	1.74769
1171.2 	1.777453164
1171.4 	1.807669902
1171.6 	1.838607907
1171.8 	1.869947174
1172.0 	1.90078
1172.2 	1.930864207
1172.4 	1.962721935
1172.6 	1.999375294
1172.8 	2.039450925
1173.0 	2.07718
1173.2 	2.109065019
1173.4 	2.141458232
1173.6 	2.182802933
1173.8 	2.233000421
1174.0 	2.28341
1174.2 	2.327615422
1174.4 	2.369583791
1174.6 	2.415686882
1174.8 	2.467899604
1175.0 	2.5238
1175.2 	2.581437605
1175.4 	2.641512597
1175.6 	2.705351011
1175.8 	2.773432433
1176.0 	2.84539
1176.2 	2.920792334
1176.4 	2.999097212
1176.6 	3.079803836
1176.8 	3.164001583
1177.0 	3.25437
1177.2 	3.352740272
1177.4 	3.45727357
1177.6 	3.565326135
1177.8 	3.676843402
1178.0 	3.79436
1178.2 	3.920123717
1178.4 	4.054784691
1178.6 	4.198622458
1178.8 	4.352579252
1179.0 	4.51826
1179.2 	4.696939684
1179.4 	4.888458257
1179.6 	5.092294279
1179.8 	5.307865728
1180.0 	5.53453
1180.2 	5.772949542
1180.4 	6.029017548
1180.6 	6.309676249
1180.8 	6.615918944
1181.0 	6.94279
1181.2 	7.287160384
1181.4 	7.654242055
1181.6 	8.051221285
1181.8 	8.482732843
1182.0 	8.95086
1182.2 	9.457042955
1182.4 	10.00059338
1182.6 	10.58053765
1182.8 	11.2015795
1183.0 	11.8741
1183.2 	12.60705883
1183.4 	13.40274279
1183.6 	14.2617094
1183.8 	15.18311205
1184.0 	16.1647
1184.2 	17.20759126
1184.4 	18.32662301
1184.6 	19.53912119
1184.8 	20.84076761
1185.0 	22.2056
1185.2 	23.61624036
1185.4 	25.09341211
1185.6 	26.6657264
1185.8 	28.32412894
1186.0 	30.0219
1186.2 	31.72055616
1186.4 	33.42110973
1186.6 	35.13353483
1186.8 	36.84682635
1187.0 	38.529
1187.2 	40.14567386
1187.4 	41.65652412
1187.6 	43.02110918
1187.8 	44.23044397
1188.0 	45.307
1188.2 	46.26221147
1188.4 	47.05789275
1188.6 	47.64491604
1188.8 	48.00779805
1189.0 	48.1647
1189.2 	48.13150993
1189.4 	47.90917193
1189.6 	47.49552012
1189.8 	46.9027863
1190.0 	46.1576
1190.2 	45.28324113
1190.4 	44.28708712
1190.6 	43.173216
1190.8 	41.96125889
1191.0 	40.6864
1191.2 	39.37911788
1191.4 	38.0483637
1191.6 	36.69807188
1191.8 	35.34057423
1192.0 	33.9966
1192.2 	32.68400763
1192.4 	31.40771193
1192.6 	30.16969427
1192.8 	28.97889231
1193.0 	27.8512
1193.2 	26.79667852
1193.4 	25.80084817
1193.6 	24.84379757
1193.8 	23.92179732
1194.0 	23.0473
1194.2 	22.23070852
1194.4 	21.47141288
1194.6 	20.76595572
1194.8 	20.10871419
1195.0 	19.4919
1195.2 	18.90918554
1195.4 	18.36046259
1195.6 	17.84706969
1195.8 	17.36785975
1196.0 	16.9192
1196.2 	16.49809468
1196.4 	16.10452821
1196.6 	15.73911119
1196.8 	15.39972065
1197.0 	15.0815
1197.2 	14.78039443
1197.4 	14.49603158
1197.6 	14.22896863
1197.8 	13.97996854
1198.0 	13.75
1198.2 	13.53937138
1198.4 	13.34571393
1198.6 	13.16604409
1198.8 	12.99863171
1199.0 	12.843
1199.2 	12.69785051
1199.4 	12.5583802
1199.6 	12.43107188
1199.8 	12.31365386
1200.0 	12.1951
