  WAVE    TRANS
------ --------
6200.0 0.026115
6202.0 0.009217
6204.0 0.007311
6206.0 0.022005
6208.0 0.032084
6210.0 0.029813
6212.0   0.0341
6214.0 0.018623
6216.0 0.042461
6218.0  0.01999
6220.0 0.047133
6222.0 0.012525
6224.0 0.017653
6226.0 0.051714
6228.0 0.032965
6230.0 0.033645
6232.0 0.004746
6234.0 0.025332
6236.0 0.024057
6238.0 0.025388
6240.0 0.038468
6242.0 0.036233
6244.0 0.017106
6246.0 0.006366
6248.0 0.003182
6250.0 0.015549
6252.0 0.011225
6254.0 0.008035
6256.0 0.003194
6258.0 0.035703
6260.0 0.006437
6262.0 0.030684
6264.0      0.0
6266.0 0.023871
6268.0  0.02394
6270.0 0.011339
6272.0 0.014998
6274.0 0.008563
6276.0 0.047158
6278.0 0.012701
6280.0 0.007773
6282.0 0.031463
6284.0 0.007741
6286.0  0.02662
6288.0 0.024648
6290.0 0.001229
6292.0 0.046159
6294.0 0.023045
6296.0   0.0029
6298.0 0.004982
6300.0 0.026577
6302.0 0.009964
6304.0 0.025025
6306.0  0.01965
6308.0 0.048526
6310.0 0.014688
6312.0 0.002096
6314.0  0.03655
6316.0 0.005077
6318.0 0.023534
6320.0 0.036758
6322.0 0.020678
6324.0 0.017337
6326.0 0.005517
6328.0      0.0
6330.0 0.015376
6332.0 0.025476
6334.0 0.014074
6336.0 0.002996
6338.0 0.015358
6340.0 0.050904
6342.0 0.026245
6344.0 0.018936
6346.0 0.058534
6348.0  0.00216
6350.0 0.050065
6352.0 0.003906
6354.0 0.033425
6356.0 0.010425
6358.0 0.034953
6360.0 0.026602
6362.0 0.005671
6364.0 0.050837
6366.0 0.036815
6368.0 0.043913
6370.0  0.00176
6372.0 0.019874
6374.0 0.054346
6376.0 0.039006
6378.0 0.030118
6380.0 0.021302
6382.0  0.04228
6384.0 0.017853
6386.0 0.041032
6388.0 0.068134
6390.0  0.00313
6392.0 0.004046
6394.0 0.055359
6396.0 0.007661
6398.0  0.01264
6400.0 0.048948
6402.0  0.00546
6404.0 0.011379
6406.0 0.013252
6408.0  0.05559
6410.0 0.048197
6412.0 0.012438
6414.0 0.014286
6416.0 0.042098
6418.0 0.007905
6420.0 0.047128
6422.0 0.011188
6424.0 0.027567
6426.0 0.043006
6428.0 0.039135
6430.0 0.013683
6432.0 0.052919
6434.0  0.00189
6436.0 0.005687
6438.0 0.020425
6440.0 0.060462
6442.0 0.001426
6444.0 0.070957
6446.0 0.042501
6448.0 0.036901
6450.0 0.045996
6452.0 0.042271
6454.0 0.019271
6456.0 0.057769
6458.0 0.047749
6460.0 0.030947
6462.0 0.046861
6464.0 0.027096
6466.0 0.054023
6468.0 0.013572
6470.0 0.001464
6472.0 0.073754
6474.0  0.02593
6476.0 0.021974
6478.0 0.058651
6480.0 0.013771
6482.0 0.005915
6484.0 0.019723
6486.0 0.000497
6488.0 0.029752
6490.0 0.028308
6492.0 0.017952
6494.0 0.047854
6496.0 0.022028
6498.0 0.063864
6500.0  0.06026
6502.0  0.00604
6504.0 0.050892
6506.0 0.004034
6508.0 0.006076
6510.0 0.042664
6512.0 0.048828
6514.0 0.046892
6516.0 0.018896
6518.0 0.049466
6520.0 0.026755
6522.0 0.010783
6524.0 0.018539
6526.0 0.014988
6528.0 0.058016
6530.0 0.014511
6532.0 0.015019
6534.0 0.066836
6536.0 0.010368
6538.0 0.010908
6540.0 0.000523
6542.0 0.020403
6544.0 0.029318
6546.0 0.022527
6548.0   0.0063
6550.0 0.023727
6552.0 0.056427
6554.0 0.071655
6556.0 0.003713
6558.0 0.019164
6560.0  0.02821
6562.0 0.067887
6564.0 0.004283
6566.0 0.063996
6568.0 0.008572
6570.0 0.080046
6572.0 0.056172
6574.0 0.028747
6576.0 0.026603
6578.0 0.059239
6580.0 0.001632
6582.0 0.021303
6584.0 0.024134
6586.0      0.0
6588.0 0.000548
6590.0 0.091802
6592.0 0.006634
6594.0 0.027165
6596.0 0.063821
6598.0 0.067029
6600.0 0.003917
6602.0 0.007277
6604.0 0.008978
6606.0 0.037961
6608.0 0.037851
6610.0 0.001706
6612.0 0.015987
6614.0  0.01772
6616.0 0.061267
6618.0 0.076615
6620.0 0.039265
6622.0 0.027221
6624.0  0.00291
6626.0 0.019158
6628.0 0.091218
6630.0 0.126607
6632.0 0.108487
6634.0 0.117605
6636.0 0.115406
6638.0 0.066079
6640.0  0.07501
6642.0 0.171326
6644.0 0.145636
6646.0  0.14539
6648.0 0.299873
6650.0 0.305747
6652.0 0.353544
6654.0 0.423533
6656.0 0.497139
6658.0 0.529109
6660.0 0.749301
6662.0 0.936561
6664.0  1.18451
6666.0  1.49092
6668.0  1.80174
6670.0   2.3264
6672.0   3.0067
6674.0    3.745
6676.0  4.88719
6678.0  6.38043
6680.0  8.33296
6682.0  11.0087
6684.0  14.3213
6686.0  19.1126
6688.0  25.2731
6690.0  32.8688
6692.0  42.0904
6694.0  52.5489
6696.0  63.2446
6698.0  74.0386
6700.0  82.8498
6702.0  89.7442
6704.0  93.8751
6706.0  96.5564
6708.0  97.2756
6710.0  98.4065
6712.0  97.5146
6714.0  98.1671
6716.0  98.1239
6718.0  97.2834
6720.0  97.6145
6722.0  97.6918
6724.0  97.4659
6726.0  97.5784
6728.0  97.7553
6730.0   98.031
6732.0  98.0716
6734.0  98.5608
6736.0  98.3751
6738.0  97.9399
6740.0  98.1123
6742.0  97.9703
6744.0  98.4106
6746.0  98.2586
6748.0  98.4543
6750.0  98.2226
6752.0  98.6693
6754.0  98.0612
6756.0  98.5659
6758.0  98.2132
6760.0  98.6979
6762.0  98.1121
6764.0  98.4471
6766.0  98.5134
6768.0  98.4702
6770.0   98.396
6772.0  98.2398
6774.0  97.8004
6776.0  97.3936
6778.0  95.8797
6780.0   93.992
6782.0  90.5593
6784.0  85.4825
6786.0  78.1672
6788.0  70.0229
6790.0   61.413
6792.0  51.7012
6794.0  42.5673
6796.0   34.096
6798.0  27.1844
6800.0  21.2974
6802.0  16.8322
6804.0  12.9173
6806.0  10.1061
6808.0  7.90843
6810.0  6.12795
6812.0  4.82739
6814.0  3.88251
6816.0  2.92503
6818.0  2.46429
6820.0  1.98609
6822.0  1.53353
6824.0    1.301
6826.0 0.934465
6828.0 0.817371
6830.0 0.708424
6832.0 0.624331
6834.0 0.440747
6836.0 0.458242
6838.0 0.403538
6840.0 0.240288
6842.0   0.2584
6844.0 0.325498
6846.0 0.207738
6848.0 0.085044
6850.0 0.118842
6852.0 0.181284
6854.0 0.186288
6856.0 0.083067
6858.0 0.048595
6860.0  0.12364
6862.0 0.031158
6864.0 0.019459
6866.0 0.131639
6868.0 0.016479
6870.0 0.065789
6872.0 0.015731
6874.0 0.077895
6876.0 0.048227
6878.0 0.011942
6880.0 0.002393
6882.0 0.056686
6884.0 0.026333
6886.0 0.051152
6888.0 0.035476
6890.0 0.009693
6892.0 0.025766
6894.0 0.012186
6896.0  0.01874
6898.0 0.029306
6900.0 0.032009
6902.0 0.010699
6904.0 0.048576
6906.0 0.039498
6908.0 0.009922
6910.0 0.019739
6912.0  0.08932
6914.0 0.019126
6916.0 0.069127
6918.0 0.016672
6920.0 0.032627
6922.0 0.084525
6924.0 0.099837
6926.0 0.021115
6928.0 0.062904
6930.0 0.003375
6932.0 0.010143
6934.0 0.098036
6936.0 0.029618
6938.0 0.092029
6940.0 0.029853
6942.0 0.058243
6944.0 0.007751
6946.0      0.0
6948.0 0.037904
6950.0 0.086601
6952.0 0.086012
6954.0 0.045286
6956.0  0.06281
6958.0 0.017451
6960.0 0.091406
6962.0 0.050055
6964.0 0.028256
6966.0 0.102573
6968.0      0.0
6970.0 0.036473
6972.0 0.053557
6974.0 0.042727
6976.0 0.064561
6978.0  0.03684
6980.0      0.0
6982.0 0.071467
6984.0 0.015485
6986.0 0.028058
6988.0 0.007314
6990.0 0.122073
6992.0 0.111459
6994.0 0.085122
6996.0 0.010212
6998.0 0.043875
