300 8.9314E-4
301 9.9687E-4
302 7.301E-4
303 8.3431E-4
304 0.00117723
305 7.8745E-4
306 6.7501E-4
307 9.1417E-4
308 7.2511E-4
309 7.078E-4
310 7.347E-4
311 0.00101573
312 9.6818E-4
313 8.37E-4
314 7.5936E-4
315 8.1611E-4
316 7.5423E-4
317 6.9801E-4
318 9.3826E-4
319 8.9253E-4
320 0.001008
321 7.6177E-4
322 6.0978E-4
323 7.3559E-4
324 8.9449E-4
325 7.1708E-4
326 7.5762E-4
327 6.9141E-4
328 7.084E-4
329 8.5711E-4
330 6.3161E-4
331 6.6862E-4
332 6.2283E-4
333 7.002E-4
334 0.00110905
335 7.8635E-4
336 5.5458E-4
337 5.9578E-4
338 7.2521E-4
339 5.7677E-4
340 6.2354E-4
341 5.1747E-4
342 2.9672E-4
343 8.7686E-4
344 4.1268E-4
345 5.5913E-4
346 4.6211E-4
347 3.5948E-4
348 5.6823E-4
349 -1.5724E-4
350 2.9607E-4
351 4.0308E-4
352 7.5371E-4
353 3.4031E-4
354 5.5704E-4
355 7.5508E-4
356 4.5056E-4
357 8.0375E-4
358 7.1586E-4
359 4.5725E-4
360 6.3042E-4
361 5.853E-4
362 3.3311E-4
363 5.0812E-4
364 3.9824E-4
365 4.8195E-4
366 6.6456E-4
367 6.0289E-4
368 4.0762E-4
369 6.9099E-4
370 5.3561E-4
371 3.5057E-4
372 5.3144E-4
373 5.0147E-4
374 5.6444E-4
375 2.634E-4
376 5.8417E-4
377 5.4044E-4
378 5.1333E-4
379 3.4873E-4
380 5.7007E-4
381 6.2952E-4
382 3.9949E-4
383 5.5288E-4
384 5.8724E-4
385 7.7358E-4
386 6.5185E-4
387 6.961E-4
388 4.2098E-4
389 7.0514E-4
390 0.00112627
391 0.00151931
392 0.00161703
393 0.00143131
394 0.0013348
395 9.3091E-4
396 0.00147937
397 0.00275489
398 0.00440033
399 0.00636034
400 0.00583158
401 0.00319936
402 0.0011283
403 0.0010144
404 7.7651E-4
405 7.3378E-4
406 8.1795E-4
407 0.00121963
408 0.00141666
409 0.00123111
410 7.4529E-4
411 4.6847E-4
412 4.7498E-4
413 4.9269E-4
414 7.2451E-4
415 0.00122836
416 0.00233487
417 0.00224386
418 0.00157207
419 0.00112348
420 0.00116139
421 0.00130961
422 0.00238702
423 0.00385404
424 0.00404442
425 0.00233449
426 9.8521E-4
427 1.8908E-4
428 3.1752E-4
429 4.8498E-4
430 0.00144665
431 0.002092
432 0.00133381
433 6.242E-4
434 5.2033E-4
435 1.384E-4
436 5.1307E-4
437 0.00115804
438 0.00181881
439 0.00125636
440 3.843E-4
441 0.00111447
442 0.0021143
443 0.0023879
444 0.00137969
445 4.4421E-4
446 1.6107E-4
447 2.5318E-4
448 2.0616E-4
449 2.05E-4
450 1.8388E-4
451 5.255E-4
452 4.1271E-4
453 3.8878E-4
454 2.7425E-4
455 5.5216E-4
456 4.4892E-4
457 4.2351E-4
458 9.37E-5
459 3.0407E-4
460 3.4843E-4
461 5.146E-4
462 4.3077E-4
463 3.8925E-4
464 1.9831E-4
465 4.1294E-4
466 4.3993E-4
467 3.387E-4
468 4.2233E-4
469 3.357E-4
470 2.3294E-4
471 6.04E-5
472 2.1765E-4
473 2.3168E-4
474 2.8254E-4
475 2.8265E-4
476 2.7897E-4
477 2.0602E-4
478 3.4237E-4
479 -4.23E-5
480 1.8272E-4
481 2.491E-4
482 1.6023E-4
483 5.2737E-4
484 3.0183E-4
485 4.8529E-4
486 3.3113E-4
487 2.8248E-4
488 2.5164E-4
489 3.0271E-4
490 1.0235E-4
491 1.3113E-4
492 6.1E-5
493 4.55E-5
494 4.14E-5
495 1.2798E-4
496 2.0177E-4
497 1.2919E-4
498 2.25E-5
499 9.42E-5
500 1.0369E-4
501 4.36E-5
502 1.1926E-4
503 2.5994E-4
504 3.2886E-4
505 2.9605E-4
506 1.9276E-4
507 3.155E-4
508 3.0776E-4
509 2.1006E-4
510 1.7446E-4
511 3.1103E-4
512 1.7816E-4
513 1.29E-5
514 1.2467E-4
515 -5.08E-5
516 1.0614E-4
517 1.663E-4
518 1.8389E-4
519 3.8581E-4
520 6.16E-5
521 8.98E-5
522 2.9084E-4
523 1.2507E-4
524 2.1059E-4
525 3.804E-4
526 3.525E-4
527 3.5024E-4
528 3.9788E-4
529 3.0166E-4
530 3.9911E-4
531 5.3481E-4
532 2.9628E-4
533 2.9297E-4
534 3.4693E-4
535 2.7167E-4
536 3.5735E-4
537 3.8995E-4
538 3.84E-4
539 3.1224E-4
540 3.8342E-4
541 3.889E-4
542 4.8896E-4
543 5.3069E-4
544 4.429E-4
545 4.8144E-4
546 5.5689E-4
547 5.5918E-4
548 6.5536E-4
549 8.6449E-4
550 0.00120109
551 0.00165092
552 0.0023281
553 0.0034053
554 0.00546306
555 0.00925134
556 0.01617856
557 0.02935513
558 0.05542036
559 0.10773507
560 0.21847904
561 0.46435577
562 1.04065681
563 5.02462586
564 9.64487552
565 17.77633828
566 29.44712759
567 43.28254828
568 57.24347586
569 69.62389655
570 78.96102414
571 84.51206552
572 86.98995862
573 87.85992069
574 88.31802759
575 88.62942069
576 88.86687241
577 89.05505172
578 89.21154483
579 89.35936897
580 89.51229655
581 89.68926897
582 89.88398966
583 90.06247241
584 90.17368621
585 90.17257586
586 90.05232069
587 89.85622414
588 89.64596552
589 89.48221034
590 89.43586897
591 89.50094483
592 89.64693793
593 89.81586207
594 89.94307586
595 89.98977241
596 89.98456897
597 89.95856207
598 89.95397931
599 90.00658966
600 90.117
601 90.24140345
602 90.34736897
603 90.41887241
604 90.44844483
605 90.42134828
606 90.35553448
607 90.25151379
608 90.14195862
609 90.07835862
610 90.09394483
611 90.19052069
612 90.34961379
613 90.52041034
614 90.65736897
615 90.7607
616 90.8093931
617 90.83064138
618 90.82023793
619 90.77286552
620 90.72429655
621 90.68452414
622 90.66027586
623 90.65473793
624 90.66573448
625 90.68538966
626 90.71123103
627 90.7368
628 90.76831724
629 90.80968966
630 90.84752414
631 90.85881034
632 90.83367241
633 90.79439655
634 90.77531724
635 90.79726207
636 90.85084138
637 90.92922414
638 91.00538276
639 91.05300345
640 91.06507931
641 91.04354828
642 90.9851931
643 90.8966931
644 90.79056897
645 90.6795931
646 90.57593103
647 90.4912
648 90.4324931
649 90.39543793
650 90.36687931
651 90.35856207
652 90.38207586
653 90.45549655
654 90.57683793
655 90.71334483
656 90.85022759
657 90.96120345
658 91.0346069
659 91.06664483
660 91.05315172
661 90.98794828
662 90.88048966
663 90.74894828
664 90.62268276
665 90.5362931
666 90.49042759
667 90.49622069
668 90.55428966
669 90.64627931
670 90.73685172
671 90.80261034
672 90.83813103
673 90.83851379
674 90.80548276
675 90.75117241
676 90.67682069
677 90.61724828
678 90.58437931
679 90.57366207
680 90.58082414
681 90.6160931
682 90.66492759
683 90.70383793
684 90.71874138
685 90.71682414
686 90.68843103
687 90.64947241
688 90.60091724
689 90.53341724
690 90.44212759
691 90.33058966
692 90.20170345
693 90.07676207
694 89.98145172
695 89.92374483
696 89.89931379
697 89.87543793
698 89.8516931
699 89.84150345
700 89.8240069
701 89.78561724
702 89.69184828
703 89.51576552
704 89.24881724
705 88.90258621
706 88.45118966
707 87.80864828
708 86.9358931
709 85.89008621
710 84.86402759
711 83.59247241
712 80.98899655
713 75.8982069
714 67.72572069
715 56.92033103
716 44.52626207
717 32.14556207
718 21.48505
719 13.73626138
720 8.73096897
721 5.59190241
722 3.6415231
723 2.42479379
724 1.68273862
725 1.24237593
726 0.93246347
727 0.48173499
728 0.26432481
729 0.15850452
730 0.10376059
731 0.07394312
732 0.05507727
733 0.04119952
734 0.0294749
735 0.01921141
736 0.01172464
737 0.00697535
738 0.00396618
739 0.00262159
740 0.00197676
741 0.0012641
742 0.00116291
743 9.6454E-4
744 0.00112291
745 8.3508E-4
746 0.00108251
747 0.00102506
748 7.1519E-4
749 3.897E-4
750 3.3076E-4
751 7.79E-5
752 -2.66E-5
753 1.3466E-4
754 -9.57E-5
755 -1.834E-4
756 7.87E-6
757 2.739E-4
758 1.7248E-4
759 -2.17E-5
760 1.0672E-4
761 1.9646E-4
762 1.091E-4
763 2.6007E-4
764 2.8577E-4
765 1.5748E-4
766 1.5E-5
767 1.9E-4
768 3.7773E-4
769 1.7945E-4
770 -3.73E-5
771 2.8E-7
772 3.0459E-4
773 4.22E-5
774 7.57E-5
775 2.6091E-4
776 1.6975E-4
777 8.21E-5
778 1.631E-4
779 1.9417E-4
780 4.68E-5
781 3.34E-6
782 1.2353E-4
783 1.9807E-4
784 -3.84E-6
785 2.24E-5
786 1.2897E-4
787 1.9117E-4
788 4.112E-4
789 1.0681E-4
790 3.07E-5
791 2.4712E-4
792 2.7623E-4
793 -1.26E-5
794 -3.78E-5
795 -4.96E-5
796 1.55E-6
797 -6.54E-5
798 4.62E-5
799 -4.66E-5
800 -4.379E-4
801 -6.83E-5
802 -9.3E-5
803 -3.86E-5
804 -1.07E-5
805 -1.94E-5
806 1.0725E-4
807 5.44E-5
808 1.44E-5
809 -3.02E-5
810 7.86E-5
811 3.1996E-4
812 1.06E-5
813 2.75E-5
814 8.2E-5
815 -2.22E-5
816 -2.1806E-4
817 4.03E-5
818 1.31E-5
819 -1.94E-5
820 -2.0825E-4
821 -1.5533E-4
822 9.36E-6
823 -2.8122E-4
824 -2.664E-4
825 -6.73E-5
826 6.38E-5
827 1.296E-4
828 2.1022E-4
829 1.4487E-4
830 1.97E-5
831 3.4264E-4
832 1.57E-4
833 3.3238E-4
834 4.36E-5
835 3.6948E-4
836 6.9E-5
837 2.2544E-4
838 -9.83E-5
839 -1.62E-5
840 1.3901E-4
841 -1.3531E-4
842 2.3117E-4
843 2.2479E-4
844 -1.3796E-4
845 2.2124E-4
846 1.5234E-4
847 -1.41E-5
848 2.4827E-4
849 4.0801E-4
850 2.6784E-4
851 4.8361E-4
852 4.4142E-4
853 4.7647E-4
854 3.8238E-4
855 2.1039E-4
856 4.6154E-4
857 2.6552E-4
858 5.5413E-4
859 3.1943E-4
860 1.1182E-4
861 5.2204E-4
862 5.4321E-4
863 4.972E-4
864 5.8022E-4
865 1.3134E-4
866 4.7024E-4
867 4.8056E-4
868 3.4887E-4
869 4.7074E-4
870 6.6998E-4
871 4.2294E-4
872 0.00251401
873 0.00319451
874 0.00315632
875 0.00167709
876 8.9311E-4
877 5.6088E-4
878 6.775E-4
879 3.69E-5
880 8.9897E-4
881 5.7275E-4
882 0.00189886
883 0.00402299
884 0.00539825
885 0.00241732
886 9.1265E-4
887 8.3163E-4
888 6.4704E-4
889 0.00105952
890 2.3007E-4
891 8.26E-5
892 7.1287E-4
893 5.1006E-4
894 3.7105E-4
895 5.5326E-4
896 0.00117424
897 7.22E-5
898 -0.00111705
899 -0.00237416
900 2.9942E-4
901 8.764E-4
902 1.0344E-4
903 -9.62E-5
904 1.4721E-4
905 4.7368E-4
906 -3.6384E-4
907 5.66E-5
908 1.1554E-4
909 4.0439E-4
910 -5.5771E-4
911 5.4803E-4
912 5.0697E-4
913 4.6677E-4
914 3.9E-5
915 1.2147E-4
916 3.5236E-4
917 1.4915E-4
918 2.03E-5
919 0.00120199
920 0.00534888
921 0.00539501
922 0.00307886
923 0.00102665
924 0.00102931
925 9.4469E-4
926 2.5E-5
927 1.0923E-4
928 -4.1616E-4
929 1.5202E-4
930 7.333E-4
931 -4.43E-5
932 0.00112954
933 -1.8289E-4
934 0.00109537
935 1.5521E-4
936 -1.8227E-4
937 -6.35E-6
938 1.4876E-4
939 7.0296E-4
940 -1.3991E-4
941 8.0342E-4
942 1.8256E-4
943 8.3809E-4
944 0.00120815
945 0.00177978
946 3.1625E-4
947 -2.4122E-4
948 5.5383E-4
949 -2.7792E-4
950 5.0626E-4
951 -1.0133E-4
952 -2.1588E-4
953 1.1109E-4
954 -6.8682E-4
955 -3.79E-5
956 7.1E-5
957 1.8012E-4
958 1.3794E-4
959 3.7934E-4
960 4.28E-5
961 2.0221E-4
962 -3.983E-4
963 1.9968E-4
964 -4.4388E-4
965 3.4756E-4
966 -1.7229E-4
967 3.4428E-4
968 3.5382E-4
969 7.4874E-4
970 2.5855E-4
971 -0.00102945
972 -2.15E-5
973 3.849E-4
974 2.5051E-4
975 3.4901E-4
976 -3.24E-6
977 6.5838E-4
978 9.6E-5
979 -1.13E-5
980 -1.6858E-4
981 3.2439E-4
982 3.1304E-4
983 -2.5702E-4
984 -6.823E-4
985 7.45E-5
986 1.76E-5
987 7.39E-5
988 1.4998E-4
989 -3.6242E-4
990 -4.6252E-4
991 -3.0019E-4
992 -3.82E-4
993 -4.67E-5
994 2.2067E-4
995 -5.5169E-4
996 5.74E-5
997 3.6441E-4
998 -3.029E-4
999 -2.1476E-4
1000 -1.94E-5
1001 -3.8853E-4
1002 5.9E-5
1003 7.45E-5
1004 -6.35E-5
1005 -6.3671E-4
1006 -2.7206E-4
1007 -5.3221E-4
1008 -4.7502E-4
1009 2.3665E-4
1010 -1.5424E-4
1011 -7.1921E-4
1012 1.4184E-4
1013 -3.44E-5
1014 3.1815E-4
1015 2.6509E-4
1016 5.56E-5
1017 -3.1393E-4
1018 -1.2091E-4
1019 1.2273E-4
1020 3.8542E-4
1021 -6.9199E-4
1022 0.00122228
1023 -8.4726E-4
1024 -4.66E-5
1025 -5.3612E-4
1026 -1.1467E-4
1027 2.9884E-4
1028 1.346E-4
1029 0.00104922
1030 -2.29E-5
1031 2.6417E-4
1032 2.7825E-4
1033 2.4599E-4
1034 -6.64E-5
1035 -4.3537E-4
1036 -4.5321E-4
1037 7.85E-6
1038 2.8304E-4
1039 -0.00100472
1040 1.7958E-4
1041 4.2188E-4
1042 -4.6489E-4
1043 5.75E-5
1044 -2.5827E-4
1045 -3.8015E-4
1046 -8.8952E-4
1047 2.6956E-4
1048 -9.0551E-4
1049 -1.6975E-4
1050 2.666E-4
1051 4.1979E-4
1052 -4.2301E-4
1053 -0.0010471
1054 9.98E-5
1055 9.05E-5
1056 6.64E-5
1057 2.5491E-4
1058 5.6324E-4
1059 6.09E-5
1060 1.2571E-4
1061 2.4288E-4
1062 2.6964E-4
1063 -1.99E-5
1064 9.99E-5
1065 -7.44E-5
1066 -5.4735E-4
1067 8.9793E-4
1068 -1.4125E-4
1069 2.0264E-4
1070 -2.6672E-4
1071 -1.15E-4
1072 2.4893E-4
1073 -6.9752E-4
1074 -2.3824E-4
1075 -7.8417E-4
1076 -2.8575E-4
1077 -5.6887E-4
1078 -2.7966E-4
1079 -6.8579E-4
1080 -7.9846E-4
1081 -2.6684E-4
1082 7.54E-5
1083 2.3575E-4
1084 1.1082E-4
1085 2.5731E-4
1086 -8.2928E-4
1087 -1.7471E-4
1088 9.6931E-4
1089 -3.0229E-4
1090 -2.486E-4
1091 -2.9229E-4
1092 1.4854E-4
1093 -1.4845E-4
1094 5.44E-5
1095 4.4341E-4
1096 1.5171E-4
1097 -1.556E-4
1098 -4.1038E-4
1099 -4.8863E-4
1100 -5.9364E-4
